125
1
1 38 67
1 39 67
3 39 67
2 39 67
2 40 67
2 41 67
2 42 67
2 43 67
2 44 67
2 45 67
2 46 67
2 47 67
2 48 67
2 49 67
2 50 67
2 51 67
2 52 67
2 53 67
2 54 67
2 55 67
2 56 67
2 57 67
2 58 67
2 59 67
2 60 67
2 61 67
2 62 67
2 63 67
2 64 67
2 65 67
2 66 67
2 67 67
2 68 67
2 69 67
2 70 67
3 70 67
1 70 67
0
2
1 40 67
1 40 68
1 41 68
1 42 68
1 43 68
1 44 68
1 45 68
1 46 68
1 47 68
1 48 68
1 49 68
1 50 68
1 51 68
1 52 68
1 53 68
1 54 68
1 55 68
1 56 68
1 57 68
1 58 68
1 59 68
1 60 68
1 61 68
1 62 68
1 63 68
1 64 68
1 65 68
1 66 68
1 67 68
1 68 68
1 69 68
1 70 68
1 71 68
1 72 68
1 72 67
0
3
1 108 103
1 107 103
1 106 103
1 105 103
1 104 103
1 103 103
1 102 103
1 101 103
1 100 103
1 99 103
1 98 103
1 97 103
1 96 103
1 96 102
1 96 101
1 96 100
1 96 99
1 96 98
1 96 97
1 96 96
1 96 95
1 96 94
1 96 93
1 96 92
1 96 91
1 96 90
1 96 89
1 96 88
1 96 87
1 96 86
1 96 85
1 96 84
1 96 83
1 96 82
1 96 81
1 96 80
1 96 79
1 96 78
1 96 77
1 96 76
1 96 75
1 96 74
1 96 73
1 96 72
1 96 71
1 96 70
1 96 69
1 96 68
1 96 67
1 96 66
1 96 65
1 96 64
1 96 63
1 96 62
1 96 61
1 96 60
1 96 59
1 96 58
1 96 57
1 96 56
1 96 55
1 96 54
1 96 53
1 96 52
1 96 51
1 96 50
1 96 49
1 96 48
1 96 47
1 96 46
1 96 45
1 96 44
1 96 43
1 96 42
1 96 41
1 96 40
1 96 39
1 96 38
1 96 37
1 96 36
1 96 35
1 96 34
1 96 33
1 96 32
1 96 31
1 96 30
1 96 29
1 96 28
1 96 27
1 96 26
1 96 25
1 96 24
1 96 23
1 96 22
1 96 21
1 96 20
1 96 19
1 96 18
1 96 17
1 96 16
1 96 15
1 96 14
1 95 14
1 94 14
1 93 14
1 92 14
1 91 14
1 90 14
1 89 14
1 88 14
1 87 14
1 86 14
1 85 14
1 84 14
1 83 14
1 82 14
1 81 14
1 80 14
1 79 14
1 78 14
1 77 14
1 76 14
1 75 14
1 74 14
1 73 14
1 72 14
1 71 14
1 70 14
1 69 14
1 68 14
1 67 14
1 66 14
1 65 14
1 64 14
1 63 14
1 62 14
1 61 14
1 60 14
1 59 14
1 58 14
1 57 14
1 56 14
1 55 14
1 54 14
1 53 14
1 52 14
1 51 14
1 50 14
1 49 14
1 48 14
1 47 14
1 46 14
1 45 14
1 44 14
1 43 14
1 42 14
1 41 14
1 40 14
1 39 14
1 38 14
1 38 13
0
4
1 188 31
1 188 32
1 188 33
1 188 34
1 188 35
1 188 36
1 188 37
1 188 38
1 188 39
1 188 40
1 188 41
1 188 42
1 188 43
1 188 44
1 188 45
1 188 46
1 188 47
1 188 48
1 188 49
1 188 50
1 187 50
1 186 50
1 185 50
1 184 50
1 183 50
1 182 50
1 182 49
0
5
1 110 103
1 110 102
1 110 101
1 110 100
1 110 99
1 110 98
1 110 97
1 110 96
1 110 95
1 110 94
1 110 93
1 110 92
1 110 91
1 110 90
1 110 89
1 110 88
1 110 87
1 111 87
1 112 87
1 113 87
1 114 87
1 115 87
1 116 87
1 117 87
1 118 87
1 119 87
1 120 87
1 121 87
1 122 87
1 123 87
1 124 87
1 125 87
1 126 87
1 127 87
1 128 87
1 129 87
1 130 87
1 131 87
1 132 87
1 133 87
1 134 87
1 135 87
1 136 87
1 137 87
1 138 87
1 139 87
1 140 87
1 141 87
1 142 87
1 143 87
1 144 87
1 145 87
1 146 87
1 147 87
1 148 87
1 149 87
1 150 87
1 151 87
1 152 87
1 153 87
1 154 87
1 155 87
1 156 87
1 157 87
1 158 87
1 159 87
1 160 87
1 161 87
1 162 87
1 163 87
1 164 87
1 165 87
1 166 87
1 167 87
1 168 87
1 169 87
1 170 87
1 171 87
1 172 87
1 173 87
1 174 87
1 175 87
1 176 87
1 177 87
1 178 87
1 179 87
1 180 87
1 181 87
1 182 87
1 183 87
1 184 87
1 185 87
1 186 87
1 187 87
1 188 87
1 189 87
1 190 87
1 191 87
1 192 87
1 193 87
1 194 87
1 195 87
1 196 87
1 197 87
1 198 87
1 199 87
1 200 87
1 201 87
1 202 87
1 203 87
1 204 87
1 205 87
1 206 87
1 206 86
1 206 85
1 206 84
1 206 83
1 206 82
1 206 81
1 206 80
1 206 79
1 206 78
1 206 77
1 206 76
1 206 75
1 206 74
1 206 73
1 206 72
1 206 71
1 206 70
1 206 69
1 206 68
1 206 67
1 206 66
1 206 65
1 206 64
1 206 63
1 206 62
1 206 61
1 206 60
1 206 59
1 206 58
1 206 57
1 206 56
1 206 55
1 206 54
1 206 53
1 206 52
1 206 51
1 206 50
1 206 49
1 206 48
1 206 47
1 206 46
1 206 45
1 206 44
1 206 43
1 206 42
1 206 41
1 206 40
1 206 39
1 206 38
1 206 37
1 206 36
1 206 35
1 206 34
1 206 33
1 206 32
1 206 31
1 206 30
1 206 29
1 206 28
1 206 27
1 206 26
1 206 25
1 206 24
1 206 23
1 206 22
1 206 21
1 206 20
1 206 19
1 206 18
1 206 17
1 206 16
1 206 15
1 206 14
1 206 13
1 207 13
0
6
1 68 67
1 67 67
1 66 67
1 65 67
1 64 67
1 63 67
1 62 67
1 61 67
1 60 67
1 60 66
1 59 66
1 58 66
1 57 66
1 56 66
1 55 66
1 54 66
1 53 66
1 52 66
1 51 66
1 50 66
1 49 66
1 48 66
1 47 66
1 46 66
1 45 66
1 44 66
1 43 66
1 42 66
1 41 66
1 40 66
1 39 66
1 38 66
1 37 66
1 37 67
1 37 68
1 37 69
1 37 70
1 37 71
1 37 72
1 37 73
1 37 74
1 37 75
1 37 76
1 37 77
1 37 78
1 37 79
1 37 80
1 37 81
1 37 82
1 37 83
1 37 84
1 37 85
1 38 85
0
7
1 74 67
1 75 67
3 75 67
2 75 67
2 76 67
2 77 67
2 78 67
2 79 67
2 80 67
2 81 67
2 82 67
2 83 67
2 84 67
2 85 67
2 86 67
2 87 67
2 88 67
2 89 67
2 90 67
2 91 67
2 92 67
2 93 67
2 94 67
2 95 67
2 96 67
2 97 67
2 98 67
2 99 67
2 100 67
2 101 67
2 102 67
2 103 67
2 104 67
2 105 67
2 106 67
2 107 67
2 108 67
2 109 67
2 110 67
2 111 67
2 112 67
2 113 67
2 114 67
2 115 67
2 116 67
2 117 67
2 118 67
2 119 67
2 120 67
2 121 67
2 122 67
2 123 67
2 124 67
2 125 67
2 126 67
2 127 67
2 128 67
2 129 67
3 129 67
1 129 67
0
8
1 112 103
1 111 103
3 111 103
2 111 103
2 110 103
2 109 103
2 108 103
2 107 103
2 106 103
2 105 103
2 104 103
2 103 103
2 102 103
2 101 103
2 100 103
2 99 103
2 98 103
2 97 103
2 96 103
2 95 103
2 94 103
2 93 103
2 92 103
2 91 103
2 90 103
2 89 103
2 88 103
2 87 103
2 86 103
2 85 103
2 84 103
2 83 103
2 82 103
2 81 103
2 80 103
2 79 103
2 78 103
2 77 103
2 76 103
2 76 102
2 76 101
2 76 100
2 76 99
2 76 98
2 76 97
2 76 96
2 76 95
2 76 94
2 76 93
2 76 92
2 76 91
2 76 90
2 76 89
2 76 88
2 76 87
2 76 86
2 76 85
2 76 84
2 76 83
2 76 82
2 76 81
2 76 80
2 76 79
2 76 78
2 76 77
2 76 76
2 76 75
2 76 74
2 76 73
2 76 72
2 76 71
2 76 70
2 76 69
2 76 68
3 76 68
1 76 68
1 76 67
0
9
1 78 67
1 78 68
1 78 69
1 78 70
1 78 71
1 78 72
1 78 73
1 78 74
1 78 75
1 78 76
1 78 77
1 78 78
1 78 79
1 78 80
1 78 81
1 78 82
1 78 83
1 78 84
1 78 85
1 77 85
0
10
1 108 85
1 107 85
1 106 85
1 105 85
1 104 85
1 103 85
1 102 85
1 101 85
1 100 85
1 99 85
1 98 85
1 97 85
3 97 85
2 97 85
2 96 85
2 95 85
2 94 85
2 93 85
2 92 85
2 91 85
2 90 85
2 89 85
2 88 85
2 87 85
2 86 85
2 85 85
2 84 85
2 83 85
2 82 85
2 81 85
2 80 85
2 79 85
3 79 85
1 79 85
0
11
1 110 85
1 111 85
3 111 85
2 111 85
2 112 85
2 113 85
2 114 85
2 115 85
2 116 85
2 117 85
2 118 85
2 119 85
2 120 85
2 121 85
2 122 85
2 123 85
2 124 85
2 125 85
2 126 85
2 127 85
2 128 85
2 129 85
3 129 85
1 129 85
0
12
1 112 85
1 112 86
1 113 86
1 114 86
1 115 86
1 116 86
1 117 86
1 118 86
1 119 86
1 120 86
1 121 86
1 122 86
1 123 86
1 124 86
1 125 86
1 125 85
0
13
1 114 85
1 114 84
1 113 84
1 112 84
1 111 84
1 110 84
1 109 84
1 109 85
1 109 86
1 109 87
1 109 88
1 109 89
1 109 90
1 109 91
1 109 92
1 109 93
1 109 94
1 109 95
1 109 96
1 109 97
1 109 98
1 109 99
1 109 100
1 109 101
1 109 102
1 109 103
1 109 104
1 110 104
1 111 104
1 112 104
1 113 104
1 114 104
1 115 104
1 116 104
1 117 104
1 117 103
0
14
1 116 85
1 116 84
1 116 83
1 117 83
1 118 83
1 119 83
1 120 83
1 121 83
1 122 83
1 123 83
1 123 84
1 123 85
0
15
1 118 85
1 118 84
3 118 84
2 118 84
2 118 83
2 118 82
2 118 81
2 118 80
2 118 79
2 118 78
2 118 77
2 118 76
2 118 75
2 118 74
2 118 73
2 118 72
2 118 71
2 118 70
2 118 69
2 119 69
2 120 69
2 121 69
2 122 69
2 123 69
2 124 69
2 125 69
2 126 69
2 127 69
2 128 69
2 129 69
2 130 69
2 131 69
2 132 69
2 133 69
2 134 69
2 135 69
2 136 69
2 137 69
2 138 69
2 139 69
2 140 69
2 141 69
2 142 69
2 143 69
2 144 69
2 145 69
2 146 69
2 147 69
2 148 69
2 149 69
2 150 69
2 151 69
2 152 69
2 153 69
2 154 69
2 155 69
2 156 69
2 157 69
2 158 69
2 159 69
2 160 69
2 161 69
2 162 69
2 162 68
2 162 67
3 162 67
1 162 67
0
16
1 121 85
1 121 84
3 121 84
2 121 84
2 121 83
2 121 82
2 121 81
2 121 80
2 121 79
2 121 78
2 121 77
2 121 76
2 121 75
2 121 74
2 121 73
2 121 72
2 121 71
2 121 70
3 121 70
1 121 70
1 121 69
1 121 68
1 121 67
1 121 66
1 121 65
1 121 64
1 121 63
1 121 62
1 121 61
1 121 60
1 121 59
1 121 58
1 121 57
1 121 56
1 121 55
1 121 54
1 121 53
1 121 52
1 121 51
1 121 50
1 121 49
1 121 48
1 121 47
1 121 46
1 121 45
1 121 44
1 121 43
1 121 42
1 121 41
1 121 40
1 121 39
1 121 38
1 121 37
1 121 36
1 121 35
1 121 34
1 121 33
1 121 32
1 121 31
1 121 30
1 120 30
1 119 30
1 118 30
1 117 30
1 116 30
1 115 30
1 114 30
1 113 30
1 112 30
1 111 30
1 110 30
1 109 30
1 108 30
1 107 30
1 106 30
1 105 30
1 104 30
1 103 30
1 102 30
1 101 30
1 100 30
1 99 30
1 98 30
1 97 30
3 97 30
2 97 30
2 96 30
2 95 30
2 94 30
2 93 30
2 92 30
2 91 30
2 90 30
2 89 30
2 88 30
2 87 30
2 86 30
2 85 30
2 84 30
2 83 30
2 82 30
2 81 30
2 80 30
2 79 30
2 78 30
2 77 30
2 76 30
2 75 30
2 74 30
2 73 30
2 72 30
2 71 30
2 70 30
2 69 30
2 68 30
2 67 30
2 66 30
2 65 30
2 64 30
2 63 30
2 62 30
2 61 30
2 60 30
2 59 30
2 58 30
2 57 30
2 56 30
2 55 30
2 54 30
2 53 30
2 52 30
2 51 30
2 50 30
2 49 30
2 48 30
2 47 30
2 46 30
2 45 30
2 44 30
2 43 30
2 42 30
2 41 30
2 40 30
2 39 30
2 38 30
2 37 30
2 36 30
2 35 30
2 34 30
2 33 30
2 32 30
2 31 30
2 30 30
2 29 30
2 28 30
2 27 30
2 26 30
2 25 30
2 24 30
2 23 30
2 22 30
2 21 30
2 20 30
2 19 30
2 18 30
2 17 30
2 16 30
2 15 30
2 14 30
2 13 30
2 12 30
2 12 31
3 12 31
1 12 31
0
17
1 127 85
1 127 86
1 126 86
3 126 86
2 126 86
2 125 86
2 124 86
2 123 86
2 122 86
2 121 86
2 120 86
2 119 86
2 118 86
2 117 86
2 116 86
2 115 86
2 114 86
2 113 86
2 112 86
2 111 86
2 110 86
2 109 86
2 108 86
2 107 86
2 106 86
2 105 86
2 104 86
2 103 86
2 102 86
2 101 86
2 100 86
2 99 86
2 98 86
2 97 86
2 96 86
2 95 86
2 94 86
2 93 86
2 92 86
2 91 86
2 90 86
2 89 86
2 88 86
2 87 86
2 86 86
2 85 86
2 84 86
2 83 86
2 82 86
2 81 86
2 80 86
2 79 86
2 78 86
2 77 86
3 77 86
1 77 86
1 76 86
1 75 86
1 74 86
1 73 86
1 72 86
1 71 86
1 70 86
1 69 86
1 68 86
1 67 86
1 66 86
1 65 86
1 64 86
1 63 86
1 62 86
1 61 86
1 60 86
1 59 86
1 58 86
1 57 86
1 56 86
1 55 86
1 54 86
1 53 86
1 52 86
1 51 86
1 50 86
1 49 86
1 49 85
0
18
1 131 85
1 131 84
1 131 83
1 131 82
1 131 81
1 131 80
1 131 79
1 131 78
1 131 77
1 131 76
1 131 75
1 131 74
1 131 73
1 131 72
1 131 71
1 131 70
1 131 69
1 132 69
1 133 69
1 134 69
1 135 69
1 136 69
1 137 69
1 138 69
1 139 69
1 140 69
1 141 69
1 142 69
1 143 69
1 144 69
1 145 69
1 146 69
1 147 69
1 148 69
1 149 69
1 150 69
1 151 69
1 152 69
1 153 69
1 154 69
1 155 69
1 156 69
1 157 69
1 158 69
1 159 69
1 160 69
1 161 69
1 162 69
1 163 69
1 163 68
1 163 67
1 164 67
0
19
1 133 85
1 133 86
3 133 86
2 133 86
2 133 87
2 132 87
2 131 87
2 130 87
2 129 87
2 128 87
2 127 87
2 126 87
2 125 87
2 124 87
2 123 87
2 122 87
2 121 87
2 120 87
2 119 87
2 118 87
2 117 87
2 116 87
2 115 87
2 114 87
2 113 87
2 112 87
2 111 87
2 110 87
2 109 87
2 108 87
2 107 87
2 106 87
2 105 87
2 104 87
2 103 87
2 102 87
2 101 87
2 100 87
2 99 87
2 98 87
2 97 87
2 96 87
2 95 87
2 94 87
2 93 87
2 92 87
2 91 87
2 90 87
2 89 87
2 88 87
2 87 87
2 86 87
2 85 87
2 84 87
2 83 87
2 82 87
2 81 87
3 81 87
1 81 87
1 81 86
1 81 85
1 81 84
1 81 83
1 81 82
1 81 81
1 81 80
1 81 79
1 81 78
1 81 77
1 81 76
1 81 75
1 81 74
1 81 73
1 81 72
1 81 71
1 81 70
1 81 69
1 81 68
1 81 67
1 81 66
1 81 65
1 81 64
1 81 63
1 81 62
1 81 61
1 81 60
1 81 59
1 81 58
1 81 57
1 81 56
1 81 55
1 81 54
1 81 53
1 81 52
1 81 51
1 81 50
1 80 50
1 79 50
1 78 50
1 77 50
1 76 50
1 75 50
1 74 50
1 73 50
1 72 50
1 71 50
1 70 50
1 69 50
1 68 50
1 67 50
1 66 50
1 65 50
1 64 50
1 63 50
1 62 50
1 61 50
1 60 50
1 59 50
1 58 50
1 57 50
1 56 50
1 55 50
1 54 50
1 53 50
1 52 50
1 51 50
1 50 50
1 49 50
1 48 50
1 47 50
1 46 50
1 45 50
1 44 50
1 43 50
1 42 50
1 41 50
1 40 50
1 39 50
1 38 50
1 37 50
1 36 50
1 35 50
1 34 50
1 33 50
1 32 50
1 31 50
1 30 50
1 29 50
1 28 50
1 27 50
1 26 50
1 25 50
1 24 50
1 23 50
1 22 50
1 21 50
1 20 50
1 19 50
1 18 50
1 17 50
1 16 50
1 15 50
1 14 50
1 13 50
1 12 50
1 11 50
1 10 50
1 10 49
0
20
1 40 13
1 41 13
3 41 13
2 41 13
2 42 13
2 43 13
2 44 13
2 45 13
2 46 13
2 47 13
3 47 13
1 47 13
0
21
1 42 13
1 42 12
1 42 11
1 43 11
1 44 11
1 45 11
1 46 11
1 47 11
1 48 11
1 49 11
1 50 11
1 51 11
1 52 11
1 53 11
1 54 11
1 55 11
1 56 11
1 57 11
1 58 11
1 59 11
1 60 11
1 61 11
1 62 11
1 63 11
1 64 11
1 65 11
1 66 11
1 67 11
1 68 11
1 69 11
1 70 11
1 71 11
1 72 11
1 73 11
1 74 11
1 75 11
1 76 11
1 77 11
1 78 11
1 79 11
1 80 11
1 81 11
1 82 11
1 83 11
1 84 11
1 85 11
1 86 11
1 87 11
1 88 11
1 89 11
1 90 11
1 91 11
1 92 11
1 93 11
1 94 11
1 95 11
1 96 11
1 97 11
1 98 11
1 99 11
1 100 11
1 101 11
1 102 11
1 103 11
1 104 11
1 105 11
1 105 12
1 105 13
0
22
1 182 13
1 183 13
1 184 13
1 185 13
1 186 13
3 186 13
2 186 13
2 187 13
2 188 13
2 189 13
3 189 13
1 189 13
0
23
1 68 103
1 69 103
1 70 103
1 71 103
1 72 103
1 73 103
1 74 103
1 75 103
1 76 103
1 77 103
1 78 103
1 79 103
1 80 103
1 81 103
1 82 103
1 83 103
1 84 103
1 84 104
1 84 105
1 84 106
1 85 106
1 86 106
1 87 106
1 88 106
1 89 106
1 90 106
1 91 106
1 92 106
1 93 106
1 94 106
1 95 106
1 96 106
1 97 106
1 98 106
1 99 106
1 100 106
1 101 106
1 102 106
1 103 106
1 104 106
1 105 106
1 106 106
1 107 106
1 108 106
1 109 106
1 110 106
1 111 106
1 112 106
1 113 106
1 114 106
1 115 106
1 116 106
1 117 106
1 118 106
1 119 106
1 120 106
1 121 106
1 122 106
1 123 106
1 124 106
1 125 106
1 126 106
1 127 106
1 128 106
1 129 106
1 130 106
1 131 106
1 132 106
1 133 106
1 134 106
1 135 106
1 136 106
1 137 106
1 138 106
1 139 106
1 140 106
1 141 106
1 142 106
1 143 106
1 144 106
1 145 106
1 146 106
1 147 106
1 148 106
1 149 106
1 150 106
1 151 106
1 152 106
1 153 106
1 154 106
1 155 106
1 156 106
1 157 106
1 158 106
1 159 106
1 160 106
1 161 106
1 162 106
1 163 106
1 164 106
1 165 106
1 166 106
1 167 106
1 168 106
1 169 106
1 170 106
1 171 106
1 172 106
1 173 106
1 174 106
1 175 106
1 176 106
1 177 106
1 178 106
1 179 106
1 180 106
1 180 105
1 180 104
1 180 103
1 180 102
1 180 101
1 180 100
1 180 99
1 180 98
1 180 97
1 180 96
1 180 95
1 180 94
1 180 93
1 180 92
1 180 91
1 180 90
1 180 89
1 180 88
1 181 88
1 182 88
1 183 88
1 184 88
3 184 88
2 184 88
2 184 87
2 184 86
2 184 85
3 184 85
1 184 85
0
24
1 45 13
1 46 13
1 46 12
1 47 12
1 48 12
1 49 12
1 50 12
1 51 12
1 52 12
1 53 12
1 54 12
1 55 12
1 56 12
1 57 12
1 58 12
1 59 12
1 60 12
1 61 12
1 62 12
1 63 12
1 64 12
1 65 12
1 66 12
1 67 12
1 68 12
1 69 12
1 70 12
1 71 12
1 72 12
3 72 12
2 72 12
2 72 13
2 72 14
2 72 15
2 72 16
2 72 17
2 72 18
2 72 19
2 72 20
2 72 21
2 72 22
2 72 23
2 72 24
2 72 25
2 72 26
2 72 27
2 72 28
2 72 29
3 72 29
1 72 29
1 72 30
1 72 31
0
25
1 49 13
1 48 13
3 48 13
2 48 13
2 48 12
2 47 12
2 46 12
2 45 12
2 44 12
2 43 12
2 42 12
2 41 12
2 40 12
2 39 12
2 38 12
2 37 12
2 36 12
2 35 12
2 34 12
2 33 12
2 32 12
2 31 12
2 30 12
2 29 12
2 28 12
2 27 12
2 26 12
2 25 12
2 24 12
2 23 12
2 22 12
2 21 12
2 20 12
2 19 12
2 18 12
2 17 12
2 16 12
2 15 12
2 14 12
2 13 12
2 12 12
2 11 12
2 10 12
2 10 13
3 10 13
1 10 13
0
26
1 51 13
3 51 13
2 51 13
2 51 14
2 51 15
2 51 16
2 51 17
2 51 18
2 51 19
2 51 20
2 51 21
2 51 22
2 51 23
2 51 24
2 51 25
2 51 26
2 51 27
2 51 28
2 51 29
3 51 29
1 51 29
1 51 30
1 50 30
1 49 30
1 48 30
1 47 30
1 46 30
1 45 30
1 44 30
1 43 30
1 42 30
1 42 31
0
27
1 53 13
1 54 13
1 55 13
3 55 13
2 55 13
2 55 14
2 55 15
2 55 16
2 55 17
2 55 18
2 55 19
2 55 20
2 55 21
2 55 22
2 55 23
2 55 24
2 55 25
2 55 26
2 55 27
2 55 28
2 55 29
3 55 29
1 55 29
1 55 30
1 55 31
1 55 32
1 56 32
1 57 32
1 58 32
1 59 32
1 60 32
1 61 32
1 62 32
1 63 32
1 64 32
1 65 32
1 66 32
1 67 32
1 68 32
1 69 32
1 70 32
1 71 32
1 72 32
1 73 32
1 74 32
1 75 32
1 75 31
0
28
1 187 13
1 187 12
1 186 12
1 185 12
1 184 12
1 183 12
1 182 12
1 181 12
1 180 12
1 179 12
1 178 12
1 177 12
1 176 12
1 175 12
1 174 12
1 173 12
1 172 12
1 171 12
1 170 12
1 169 12
1 168 12
1 167 12
1 166 12
1 165 12
1 164 12
1 163 12
1 162 12
1 161 12
1 160 12
1 159 12
1 158 12
1 157 12
1 156 12
1 155 12
1 154 12
1 153 12
1 152 12
1 151 12
1 150 12
1 149 12
1 148 12
1 147 12
1 146 12
1 145 12
1 144 12
1 143 12
1 142 12
1 141 12
1 140 12
1 139 12
1 138 12
1 137 12
1 136 12
1 135 12
1 134 12
1 133 12
1 132 12
1 131 12
1 130 12
1 129 12
1 128 12
1 127 12
1 126 12
1 125 12
1 124 12
1 123 12
1 122 12
1 121 12
1 120 12
1 119 12
1 118 12
1 117 12
1 116 12
1 115 12
1 114 12
1 113 12
1 112 12
1 111 12
1 110 12
1 109 12
1 108 12
1 108 13
0
29
1 191 13
1 191 14
1 191 15
1 191 16
1 191 17
1 191 18
1 191 19
1 191 20
1 191 21
1 191 22
1 191 23
1 191 24
1 191 25
1 191 26
1 191 27
1 191 28
1 191 29
1 191 30
1 190 30
1 189 30
1 188 30
1 187 30
1 186 30
1 185 30
1 184 30
1 183 30
1 182 30
1 181 30
1 180 30
1 179 30
1 178 30
1 177 30
1 176 30
1 175 30
1 174 30
1 173 30
1 172 30
1 171 30
1 170 30
1 170 31
1 170 32
1 170 33
1 170 34
1 170 35
1 170 36
1 170 37
1 170 38
1 170 39
1 170 40
1 170 41
1 170 42
1 170 43
1 170 44
1 170 45
1 170 46
1 170 47
1 170 48
1 170 49
0
30
1 193 13
1 193 14
1 193 15
1 193 16
1 193 17
1 193 18
1 193 19
1 193 20
1 193 21
1 193 22
1 193 23
1 193 24
1 193 25
1 193 26
1 193 27
1 193 28
1 193 29
1 193 30
1 193 31
3 193 31
2 193 31
2 192 31
2 191 31
2 190 31
2 189 31
2 188 31
2 187 31
2 186 31
2 185 31
2 184 31
2 183 31
2 182 31
2 181 31
2 180 31
2 179 31
2 178 31
2 177 31
2 176 31
2 175 31
2 174 31
2 173 31
2 172 31
2 171 31
2 170 31
2 169 31
2 168 31
2 167 31
2 166 31
2 165 31
2 164 31
2 163 31
2 162 31
2 161 31
2 160 31
2 159 31
2 158 31
2 157 31
2 156 31
2 155 31
2 154 31
2 153 31
2 152 31
2 151 31
2 150 31
2 149 31
2 148 31
2 147 31
2 146 31
2 145 31
2 144 31
2 143 31
2 142 31
2 141 31
2 140 31
2 139 31
2 138 31
2 137 31
2 136 31
2 135 31
2 134 31
2 133 31
2 132 31
2 131 31
2 130 31
2 129 31
2 128 31
2 127 31
2 126 31
2 125 31
2 124 31
2 123 31
2 122 31
2 121 31
2 120 31
2 119 31
3 119 31
1 119 31
0
31
1 195 13
1 195 14
1 195 15
1 195 16
1 195 17
1 195 18
1 195 19
1 195 20
1 195 21
1 195 22
1 195 23
1 195 24
1 195 25
1 195 26
1 195 27
1 195 28
1 195 29
1 195 30
1 195 31
1 195 32
1 194 32
1 193 32
1 192 32
1 191 32
1 190 32
1 189 32
3 189 32
2 189 32
2 188 32
2 187 32
2 186 32
2 185 32
2 184 32
2 183 32
2 182 32
3 182 32
1 182 32
1 182 31
0
32
1 182 85
1 181 85
1 180 85
1 179 85
1 178 85
1 177 85
1 176 85
1 175 85
1 174 85
1 173 85
1 172 85
1 171 85
1 170 85
1 169 85
1 168 85
1 167 85
1 167 84
1 167 83
1 167 82
1 167 81
1 167 80
1 167 79
1 167 78
1 167 77
1 167 76
1 167 75
1 167 74
1 167 73
1 167 72
1 167 71
1 167 70
1 167 69
1 167 68
1 167 67
1 167 66
1 166 66
1 165 66
1 164 66
1 163 66
1 162 66
1 161 66
1 160 66
1 159 66
1 158 66
1 157 66
1 156 66
1 155 66
1 154 66
1 153 66
1 152 66
1 151 66
1 150 66
1 149 66
1 148 66
1 148 67
0
33
1 186 85
1 186 86
3 186 86
2 186 86
2 186 87
2 186 88
2 186 89
2 186 90
2 186 91
2 186 92
2 186 93
2 186 94
2 186 95
2 186 96
2 186 97
2 186 98
2 186 99
2 186 100
2 186 101
2 186 102
2 186 103
2 185 103
2 184 103
3 184 103
1 184 103
0
34
1 188 85
1 188 84
1 188 83
1 188 82
1 188 81
1 188 80
1 188 79
1 188 78
1 188 77
1 188 76
1 188 75
1 188 74
1 188 73
1 188 72
1 188 71
1 188 70
1 188 69
1 189 69
1 190 69
1 191 69
1 192 69
1 192 68
1 192 67
1 192 66
1 192 65
1 192 64
1 192 63
1 192 62
1 192 61
1 192 60
1 192 59
1 192 58
1 192 57
1 192 56
1 192 55
1 192 54
1 192 53
1 192 52
1 192 51
1 192 50
1 192 49
1 193 49
0
35
1 190 85
1 190 84
1 190 83
1 190 82
1 190 81
1 190 80
1 190 79
1 190 78
1 190 77
1 190 76
1 190 75
1 190 74
1 190 73
1 190 72
1 190 71
1 190 70
1 191 70
1 192 70
1 193 70
1 194 70
1 195 70
1 196 70
1 197 70
1 198 70
1 199 70
1 200 70
1 200 69
1 200 68
1 200 67
1 200 66
1 200 65
1 200 64
1 200 63
1 200 62
1 200 61
1 200 60
1 200 59
1 200 58
1 200 57
1 200 56
1 200 55
1 200 54
1 200 53
1 200 52
1 200 51
1 200 50
1 200 49
1 200 48
1 200 47
1 200 46
1 200 45
1 200 44
1 200 43
1 200 42
1 200 41
1 200 40
1 200 39
1 200 38
1 200 37
1 200 36
1 200 35
1 200 34
1 200 33
1 200 32
1 200 31
1 200 30
1 200 29
1 200 28
1 200 27
1 200 26
1 200 25
1 200 24
1 200 23
1 200 22
1 200 21
1 200 20
1 200 19
1 200 18
1 200 17
1 200 16
1 200 15
1 200 14
1 200 13
0
36
1 68 13
1 67 13
1 66 13
3 66 13
2 66 13
2 65 13
2 64 13
2 63 13
2 62 13
2 61 13
2 60 13
2 59 13
2 58 13
2 57 13
2 56 13
2 56 14
2 56 15
3 56 15
1 56 15
1 55 15
1 54 15
1 53 15
1 52 15
1 51 15
1 50 15
1 49 15
1 48 15
1 47 15
1 46 15
1 45 15
1 44 15
1 43 15
1 42 15
1 41 15
1 40 15
1 39 15
1 38 15
1 37 15
1 36 15
1 35 15
1 34 15
1 33 15
1 32 15
1 31 15
1 30 15
1 29 15
1 28 15
1 27 15
1 26 15
1 25 15
1 24 15
1 23 15
1 22 15
1 21 15
1 20 15
1 19 15
1 18 15
1 17 15
1 16 15
1 15 15
1 14 15
1 14 14
1 14 13
0
37
1 70 13
3 70 13
2 70 13
2 70 12
2 70 11
2 71 11
2 72 11
2 73 11
2 74 11
2 75 11
2 76 11
2 77 11
2 78 11
2 79 11
2 80 11
2 81 11
2 82 11
2 83 11
2 84 11
2 85 11
2 86 11
2 87 11
2 88 11
2 89 11
2 89 12
2 89 13
3 89 13
1 89 13
0
38
1 72 13
1 73 13
3 73 13
2 73 13
2 74 13
2 75 13
2 76 13
2 77 13
2 78 13
2 79 13
2 80 13
2 81 13
2 82 13
2 83 13
2 84 13
2 85 13
3 85 13
1 85 13
0
39
1 74 13
1 75 13
1 75 12
1 76 12
1 77 12
1 78 12
1 79 12
1 80 12
1 81 12
1 82 12
1 83 12
1 84 12
1 85 12
1 86 12
1 87 12
1 88 12
1 89 12
1 90 12
3 90 12
2 90 12
2 90 11
2 90 10
2 89 10
2 88 10
2 87 10
2 86 10
2 85 10
2 84 10
2 83 10
2 82 10
2 81 10
2 80 10
2 79 10
2 78 10
2 77 10
2 76 10
2 75 10
2 74 10
2 73 10
2 72 10
2 71 10
2 70 10
2 69 10
2 68 10
2 67 10
2 66 10
2 65 10
2 64 10
2 63 10
2 62 10
2 61 10
2 60 10
2 59 10
2 58 10
2 57 10
2 56 10
2 55 10
2 54 10
2 53 10
2 52 10
2 51 10
2 50 10
2 49 10
2 48 10
2 47 10
2 46 10
2 45 10
2 44 10
2 43 10
2 42 10
2 41 10
2 40 10
2 39 10
2 38 10
2 37 10
2 36 10
2 35 10
2 34 10
2 33 10
2 32 10
2 31 10
2 30 10
2 29 10
2 28 10
2 27 10
2 26 10
2 25 10
2 24 10
2 23 10
2 22 10
2 21 10
2 20 10
2 19 10
2 18 10
2 18 11
3 18 11
1 18 11
1 18 12
1 18 13
1 17 13
0
40
0
41
0
42
0
43
0
44
1 91 13
3 91 13
2 91 13
2 91 14
2 91 15
2 91 16
2 91 17
2 91 18
2 91 19
2 91 20
2 91 21
2 91 22
2 91 23
2 91 24
2 91 25
2 91 26
2 91 27
2 91 28
2 92 28
2 93 28
2 94 28
2 95 28
2 96 28
2 97 28
2 98 28
2 99 28
2 100 28
2 101 28
2 102 28
2 103 28
2 104 28
2 105 28
2 106 28
2 107 28
2 108 28
2 109 28
2 110 28
2 110 29
2 110 30
2 110 31
3 110 31
1 110 31
0
45
1 93 13
1 94 13
1 95 13
1 96 13
1 97 13
1 98 13
1 99 13
1 100 13
1 101 13
1 102 13
1 102 14
1 103 14
1 104 14
1 105 14
1 106 14
1 107 14
1 108 14
1 109 14
1 110 14
1 111 14
1 112 14
1 113 14
1 114 14
1 115 14
1 116 14
1 117 14
1 118 14
1 119 14
1 120 14
1 121 14
1 122 14
1 123 14
1 124 14
1 124 13
0
46
1 108 49
1 108 48
1 108 47
1 108 46
1 108 45
1 108 44
1 108 43
1 108 42
1 108 41
1 108 40
1 108 39
1 108 38
1 108 37
1 108 36
1 108 35
1 108 34
1 108 33
1 108 32
1 109 32
1 110 32
1 111 32
1 112 32
3 112 32
2 112 32
2 112 31
2 112 30
2 112 29
2 112 28
2 112 27
2 112 26
2 112 25
2 112 24
2 112 23
2 112 22
2 112 21
2 112 20
2 112 19
2 112 18
2 112 17
2 112 16
2 112 15
2 112 14
2 112 13
3 112 13
1 112 13
0
47
1 110 49
1 111 49
3 111 49
2 111 49
2 112 49
2 113 49
2 114 49
2 115 49
2 116 49
2 117 49
2 118 49
2 119 49
2 120 49
2 121 49
2 122 49
2 123 49
2 124 49
2 125 49
2 126 49
2 127 49
2 128 49
2 129 49
2 130 49
2 131 49
2 132 49
2 133 49
2 134 49
2 135 49
2 136 49
2 137 49
2 138 49
2 139 49
2 140 49
2 141 49
2 142 49
2 143 49
2 144 49
2 145 49
2 146 49
2 147 49
2 148 49
2 149 49
2 150 49
2 151 49
2 152 49
2 153 49
2 154 49
2 155 49
2 156 49
3 156 49
1 156 49
0
48
1 112 49
1 112 50
1 113 50
1 114 50
1 115 50
1 116 50
1 117 50
1 118 50
1 119 50
1 120 50
3 120 50
2 120 50
2 121 50
2 122 50
2 123 50
2 124 50
2 125 50
2 126 50
2 127 50
2 128 50
2 129 50
2 130 50
2 131 50
2 132 50
2 133 50
2 134 50
2 135 50
2 136 50
2 137 50
2 138 50
2 139 50
2 140 50
2 141 50
2 142 50
2 143 50
2 144 50
2 145 50
2 146 50
2 147 50
2 148 50
2 149 50
2 150 50
2 151 50
2 152 50
3 152 50
1 152 50
1 152 49
0
49
1 114 49
1 114 48
1 113 48
1 112 48
1 111 48
1 110 48
1 109 48
3 109 48
2 109 48
2 108 48
2 107 48
2 106 48
2 105 48
2 104 48
2 103 48
2 102 48
2 101 48
2 100 48
2 99 48
2 98 48
2 97 48
2 96 48
2 95 48
2 94 48
2 93 48
2 92 48
2 91 48
2 90 48
2 89 48
2 88 48
2 88 49
3 88 49
1 88 49
0
50
1 116 49
1 117 49
1 118 49
1 119 49
1 120 49
1 120 48
3 120 48
2 120 48
2 121 48
2 122 48
2 123 48
2 124 48
2 125 48
2 126 48
2 127 48
2 128 48
2 129 48
2 130 48
2 131 48
2 132 48
2 133 48
2 134 48
2 135 48
2 136 48
2 137 48
2 138 48
2 139 48
2 140 48
2 141 48
2 142 48
2 143 48
2 144 48
2 145 48
2 146 48
2 147 48
2 148 48
2 149 48
2 150 48
3 150 48
1 150 48
1 150 49
0
51
1 148 49
1 148 48
1 148 47
1 148 46
1 148 45
1 148 44
1 148 43
1 148 42
1 148 41
1 148 40
1 148 39
1 148 38
1 148 37
1 148 36
1 148 35
1 148 34
1 148 33
1 148 32
1 148 31
0
52
1 158 49
1 158 48
1 158 47
1 158 46
1 158 45
1 158 44
1 158 43
1 158 42
1 158 41
1 158 40
1 158 39
1 158 38
1 158 37
1 158 36
1 158 35
1 158 34
1 158 33
1 158 32
1 158 31
1 158 30
1 158 29
1 158 28
1 158 27
1 158 26
1 158 25
1 158 24
1 158 23
1 158 22
1 158 21
1 158 20
1 158 19
1 158 18
1 158 17
1 158 16
1 158 15
1 158 14
1 158 13
1 159 13
1 160 13
1 161 13
1 162 13
0
53
1 160 49
1 160 48
1 160 47
1 160 46
1 160 45
1 160 44
1 160 43
1 160 42
1 160 41
1 160 40
1 160 39
1 160 38
1 160 37
1 160 36
1 160 35
1 160 34
1 160 33
1 160 32
1 160 31
1 159 31
0
54
1 68 49
1 67 49
1 66 49
1 65 49
1 64 49
1 63 49
1 62 49
1 61 49
1 60 49
1 59 49
1 58 49
1 58 48
1 57 48
1 56 48
1 55 48
1 54 48
1 53 48
1 52 48
1 51 48
1 50 48
1 49 48
1 48 48
1 47 48
1 46 48
1 45 48
1 44 48
1 43 48
1 42 48
1 41 48
1 40 48
1 39 48
1 38 48
1 38 49
0
55
1 70 49
1 70 48
1 70 47
1 70 46
1 70 45
1 70 44
1 70 43
1 70 42
1 70 41
1 70 40
1 70 39
1 70 38
1 70 37
1 70 36
1 70 35
1 70 34
1 71 34
1 72 34
1 73 34
1 74 34
1 75 34
1 76 34
1 77 34
1 78 34
1 79 34
1 80 34
1 81 34
1 82 34
1 83 34
1 84 34
1 85 34
1 86 34
1 87 34
1 88 34
1 89 34
1 90 34
1 91 34
1 92 34
1 93 34
1 94 34
1 95 34
3 95 34
2 95 34
2 96 34
2 97 34
2 98 34
2 99 34
2 100 34
2 101 34
2 102 34
2 103 34
2 104 34
2 105 34
2 106 34
2 107 34
2 108 34
2 109 34
2 110 34
2 111 34
2 112 34
2 113 34
2 114 34
2 115 34
2 116 34
2 117 34
2 117 33
2 117 32
2 117 31
2 117 30
2 118 30
2 119 30
2 120 30
2 121 30
2 122 30
2 123 30
2 124 30
2 125 30
2 126 30
2 127 30
2 128 30
2 129 30
2 130 30
2 131 30
2 132 30
2 133 30
2 134 30
2 135 30
2 136 30
2 137 30
2 138 30
2 139 30
2 140 30
2 141 30
2 142 30
2 143 30
2 144 30
2 145 30
2 146 30
2 147 30
2 148 30
2 149 30
2 150 30
2 151 30
2 152 30
2 153 30
2 154 30
2 155 30
2 156 30
2 157 30
2 158 30
2 159 30
2 160 30
2 161 30
2 162 30
2 163 30
2 164 30
2 165 30
2 166 30
2 167 30
2 168 30
2 169 30
2 170 30
2 171 30
2 172 30
2 173 30
2 174 30
2 175 30
2 176 30
2 177 30
2 178 30
2 179 30
2 180 30
2 181 30
2 182 30
2 183 30
2 184 30
2 185 30
2 186 30
2 187 30
2 188 30
2 189 30
2 190 30
2 191 30
2 192 30
3 192 30
1 192 30
1 192 31
0
56
1 72 49
1 72 48
1 72 47
1 72 46
1 72 45
1 72 44
1 72 43
1 72 42
1 72 41
1 72 40
1 72 39
1 72 38
1 72 37
1 72 36
1 73 36
1 74 36
1 75 36
1 76 36
1 77 36
1 78 36
1 79 36
1 80 36
1 81 36
1 82 36
1 83 36
1 84 36
1 85 36
1 86 36
1 87 36
1 88 36
1 89 36
1 90 36
1 91 36
1 92 36
1 93 36
1 94 36
1 95 36
3 95 36
2 95 36
2 96 36
2 97 36
2 98 36
2 99 36
2 100 36
2 101 36
2 102 36
2 103 36
2 104 36
2 105 36
2 106 36
2 107 36
2 108 36
2 109 36
2 110 36
2 111 36
2 112 36
2 113 36
2 114 36
2 115 36
2 116 36
2 117 36
2 118 36
2 119 36
2 120 36
2 121 36
2 122 36
2 123 36
2 124 36
2 125 36
2 126 36
2 127 36
2 128 36
2 129 36
2 130 36
2 131 36
2 132 36
2 133 36
2 134 36
2 135 36
2 136 36
2 137 36
2 138 36
2 139 36
2 140 36
2 141 36
2 142 36
2 143 36
2 144 36
2 145 36
2 146 36
2 147 36
2 148 36
2 149 36
2 150 36
2 151 36
2 152 36
2 153 36
2 154 36
2 155 36
2 156 36
2 157 36
2 158 36
2 159 36
2 160 36
2 161 36
2 162 36
2 163 36
2 164 36
2 165 36
2 166 36
2 167 36
2 168 36
2 169 36
2 170 36
2 171 36
2 172 36
2 173 36
2 174 36
2 175 36
2 176 36
2 177 36
2 178 36
2 179 36
2 180 36
2 181 36
2 182 36
2 183 36
2 184 36
2 185 36
2 185 35
2 185 34
2 185 33
3 185 33
1 185 33
1 185 32
1 185 31
1 186 31
0
57
1 74 49
1 73 49
3 73 49
2 73 49
2 72 49
2 71 49
2 70 49
2 69 49
2 68 49
2 67 49
2 66 49
2 65 49
2 64 49
2 63 49
2 62 49
2 61 49
2 60 49
2 59 49
2 58 49
2 57 49
2 56 49
2 55 49
2 54 49
2 53 49
2 52 49
2 51 49
2 50 49
2 49 49
2 48 49
2 47 49
2 46 49
2 45 49
2 44 49
2 43 49
2 42 49
2 41 49
2 40 49
2 39 49
2 38 49
2 37 49
2 36 49
2 35 49
2 34 49
2 33 49
2 32 49
2 31 49
2 30 49
2 29 49
2 28 49
2 27 49
2 26 49
2 25 49
2 24 49
2 23 49
2 22 49
2 21 49
2 20 49
2 19 49
2 18 49
2 17 49
2 16 49
2 15 49
2 14 49
3 14 49
1 14 49
0
58
1 76 49
1 76 48
1 76 47
1 76 46
1 76 45
1 76 44
1 76 43
1 76 42
1 76 41
1 76 40
1 76 39
1 76 38
1 76 37
3 76 37
2 76 37
2 76 36
2 77 36
2 78 36
2 79 36
2 80 36
2 81 36
2 82 36
2 83 36
2 84 36
2 85 36
2 86 36
2 87 36
2 88 36
2 89 36
2 90 36
2 91 36
2 92 36
2 93 36
2 94 36
2 94 35
2 95 35
2 96 35
2 97 35
2 98 35
2 99 35
2 100 35
2 101 35
2 102 35
2 103 35
2 104 35
2 105 35
2 106 35
2 107 35
2 108 35
2 109 35
2 110 35
2 111 35
2 112 35
2 113 35
2 114 35
2 115 35
2 116 35
2 117 35
2 118 35
2 119 35
2 120 35
2 121 35
2 122 35
2 123 35
2 124 35
2 125 35
2 126 35
2 127 35
2 128 35
2 129 35
2 130 35
2 131 35
2 132 35
2 133 35
2 134 35
2 135 35
2 136 35
2 137 35
2 138 35
2 139 35
2 140 35
2 141 35
2 142 35
2 143 35
2 144 35
2 145 35
2 146 35
2 147 35
2 148 35
2 149 35
2 150 35
2 151 35
2 152 35
2 153 35
2 154 35
2 155 35
2 156 35
2 157 35
2 158 35
2 159 35
2 160 35
2 161 35
2 162 35
2 163 35
2 164 35
2 165 35
2 166 35
2 167 35
2 168 35
2 169 35
2 170 35
2 171 35
2 172 35
2 173 35
2 174 35
2 175 35
2 176 35
2 177 35
2 178 35
2 179 35
2 180 35
2 181 35
2 182 35
2 183 35
2 184 35
2 184 34
2 184 33
3 184 33
1 184 33
1 184 32
1 184 31
0
59
1 78 49
1 78 48
1 78 47
1 79 47
1 80 47
1 81 47
1 82 47
1 83 47
1 84 47
1 85 47
1 86 47
1 87 47
1 88 47
1 89 47
1 90 47
1 91 47
1 92 47
1 93 47
1 94 47
1 95 47
3 95 47
2 95 47
2 96 47
2 97 47
2 98 47
2 99 47
2 100 47
2 101 47
2 102 47
2 103 47
2 104 47
2 105 47
2 106 47
2 107 47
2 108 47
2 109 47
2 110 47
2 111 47
2 112 47
2 113 47
2 114 47
2 115 47
2 116 47
2 117 47
2 118 47
2 119 47
2 120 47
2 121 47
2 122 47
2 123 47
2 124 47
2 125 47
2 126 47
2 127 47
2 128 47
2 129 47
2 130 47
2 131 47
2 132 47
2 133 47
2 134 47
3 134 47
1 134 47
1 134 48
1 134 49
0
60
1 194 31
3 194 31
2 194 31
2 194 32
2 194 33
2 194 34
2 194 35
2 194 36
2 194 37
2 194 38
2 194 39
2 194 40
2 194 41
2 194 42
2 194 43
2 194 44
2 194 45
2 194 46
2 194 47
2 194 48
2 194 49
2 194 50
2 194 51
2 194 52
2 194 53
2 194 54
2 194 55
2 194 56
2 194 57
2 194 58
2 194 59
2 194 60
2 194 61
2 194 62
2 194 63
2 194 64
2 194 65
2 194 66
2 194 67
2 194 68
2 194 69
2 194 70
2 194 71
2 194 72
2 194 73
2 194 74
2 194 75
2 194 76
2 194 77
2 194 78
2 194 79
2 194 80
2 194 81
2 194 82
2 194 83
2 194 84
2 194 85
2 194 86
2 194 87
2 194 88
2 194 89
2 194 90
2 194 91
2 194 92
2 194 93
2 194 94
2 194 95
2 194 96
2 194 97
2 194 98
2 194 99
2 194 100
2 194 101
2 194 102
2 194 103
2 194 104
2 193 104
2 192 104
2 191 104
2 190 104
2 189 104
2 188 104
2 187 104
2 186 104
2 185 104
2 184 104
2 183 104
2 182 104
2 181 104
2 180 104
2 179 104
2 178 104
2 177 104
2 176 104
2 175 104
2 174 104
2 173 104
2 172 104
2 171 104
2 170 104
2 169 104
2 168 104
2 167 104
2 166 104
2 165 104
2 164 104
2 163 104
2 162 104
2 161 104
2 160 104
2 159 104
2 158 104
2 157 104
2 156 104
2 155 104
2 154 104
2 153 104
2 152 104
2 151 104
2 150 104
2 149 104
2 148 104
2 147 104
2 146 104
2 145 104
2 144 104
2 143 104
2 142 104
2 141 104
2 140 104
2 139 104
2 138 104
2 137 104
2 136 104
2 135 104
2 134 104
2 133 104
2 132 104
2 131 104
2 130 104
2 129 104
2 128 104
2 127 104
2 126 104
2 125 104
2 124 104
2 123 104
2 122 104
2 122 103
3 122 103
1 122 103
0
61
1 148 103
1 148 102
1 148 101
1 148 100
1 148 99
1 148 98
1 148 97
1 148 96
1 148 95
1 148 94
1 148 93
1 148 92
1 148 91
1 148 90
1 148 89
1 148 88
3 148 88
2 148 88
2 148 87
2 148 86
2 148 85
2 148 84
2 148 83
2 148 82
2 148 81
2 148 80
2 148 79
2 148 78
2 148 77
2 148 76
2 148 75
2 148 74
2 148 73
2 148 72
2 148 71
2 148 70
2 149 70
2 150 70
2 151 70
2 152 70
2 153 70
2 154 70
2 155 70
2 156 70
2 157 70
2 158 70
2 159 70
2 160 70
2 161 70
2 162 70
2 163 70
2 164 70
2 165 70
2 166 70
2 167 70
2 168 70
2 168 69
2 168 68
2 168 67
3 168 67
1 168 67
0
62
1 150 103
1 150 102
1 150 101
1 150 100
1 150 99
1 150 98
1 150 97
1 150 96
1 150 95
1 150 94
1 150 93
1 150 92
1 150 91
1 150 90
1 150 89
1 150 88
3 150 88
2 150 88
2 150 87
2 150 86
2 150 85
2 150 84
2 150 83
2 150 82
2 150 81
2 150 80
2 150 79
2 150 78
2 150 77
2 150 76
2 150 75
2 150 74
2 150 73
2 150 72
2 151 72
2 152 72
2 153 72
2 154 72
2 155 72
2 156 72
2 157 72
2 158 72
2 159 72
2 160 72
2 161 72
2 162 72
2 163 72
2 164 72
2 165 72
2 166 72
2 167 72
2 168 72
2 169 72
2 169 71
2 169 70
2 169 69
2 169 68
2 169 67
2 169 66
2 169 65
2 169 64
2 169 63
2 169 62
2 169 61
2 169 60
2 169 59
2 169 58
2 169 57
2 169 56
2 169 55
2 169 54
2 169 53
2 169 52
2 169 51
2 169 50
2 169 49
2 169 48
2 169 47
2 169 46
2 169 45
2 169 44
2 169 43
2 169 42
2 169 41
2 169 40
2 169 39
2 168 39
2 167 39
2 166 39
2 165 39
2 164 39
2 163 39
2 162 39
2 161 39
2 160 39
2 159 39
2 158 39
2 157 39
2 156 39
2 156 38
2 156 37
3 156 37
1 156 37
1 156 36
1 156 35
1 156 34
1 156 33
1 156 32
1 156 31
1 155 31
0
63
1 40 85
1 41 85
3 41 85
2 41 85
2 42 85
2 43 85
2 44 85
2 45 85
2 46 85
2 47 85
2 48 85
2 49 85
2 50 85
2 51 85
2 52 85
2 53 85
2 54 85
2 55 85
2 56 85
2 57 85
2 58 85
2 59 85
2 60 85
2 61 85
2 62 85
2 63 85
2 64 85
2 65 85
2 66 85
2 67 85
2 68 85
2 69 85
2 70 85
3 70 85
1 70 85
0
64
1 42 85
1 43 85
1 44 85
1 45 85
1 46 85
1 47 85
0
65
1 12 13
1 12 14
1 12 15
1 12 16
1 12 17
1 12 18
1 12 19
1 12 20
1 12 21
1 12 22
1 12 23
1 12 24
1 12 25
1 12 26
1 12 27
1 12 28
1 12 29
1 13 29
1 14 29
1 15 29
1 16 29
1 17 29
1 18 29
1 19 29
1 20 29
1 21 29
1 22 29
1 23 29
1 24 29
1 25 29
1 26 29
1 27 29
1 28 29
1 29 29
1 30 29
1 31 29
1 32 29
1 33 29
1 34 29
1 35 29
1 36 29
1 37 29
1 37 30
1 37 31
1 38 31
0
66
1 110 13
1 111 13
3 111 13
2 111 13
2 111 12
2 112 12
2 113 12
2 114 12
2 115 12
2 116 12
2 117 12
2 118 12
2 119 12
2 120 12
2 121 12
2 122 12
2 123 12
2 124 12
2 125 12
2 126 12
2 127 12
2 128 12
2 129 12
2 130 12
2 131 12
2 132 12
2 133 12
2 134 12
2 135 12
2 136 12
2 137 12
2 138 12
2 139 12
2 140 12
2 141 12
2 142 12
2 143 12
2 144 12
2 145 12
2 146 12
2 147 12
2 147 13
2 147 14
2 147 15
2 147 16
2 147 17
2 147 18
2 147 19
2 147 20
2 147 21
2 147 22
2 147 23
2 147 24
2 147 25
2 147 26
2 147 27
2 147 28
2 147 29
3 147 29
1 147 29
1 147 30
1 147 31
1 147 32
1 147 33
1 147 34
1 147 35
1 147 36
1 147 37
1 147 38
1 147 39
1 147 40
1 147 41
1 147 42
1 147 43
1 147 44
1 147 45
1 147 46
1 147 47
1 147 48
1 147 49
1 147 50
1 147 51
1 147 52
1 147 53
1 147 54
1 147 55
1 147 56
1 147 57
1 147 58
1 147 59
1 147 60
1 147 61
1 147 62
1 147 63
1 147 64
1 147 65
1 147 66
1 147 67
1 147 68
1 148 68
1 149 68
1 150 68
1 151 68
1 152 68
1 153 68
1 154 68
1 155 68
1 155 67
0
67
1 150 67
1 151 67
3 151 67
2 151 67
2 152 67
2 153 67
2 154 67
2 155 67
2 156 67
2 157 67
2 158 67
2 159 67
2 160 67
2 161 67
2 161 66
2 162 66
2 163 66
2 164 66
2 164 67
2 164 68
2 164 69
3 164 69
1 164 69
1 164 70
1 164 71
1 164 72
1 164 73
1 164 74
1 164 75
1 164 76
1 164 77
1 164 78
1 164 79
1 164 80
1 164 81
1 164 82
1 164 83
1 164 84
1 164 85
1 164 86
1 163 86
1 162 86
1 161 86
1 160 86
1 159 86
1 158 86
1 157 86
1 156 86
1 155 86
1 154 86
1 153 86
1 152 86
1 151 86
1 150 86
1 149 86
1 148 86
1 148 85
0
68
0
69
1 81 49
1 81 48
3 81 48
2 81 48
2 81 47
2 81 46
2 81 45
2 82 45
2 83 45
2 84 45
2 85 45
2 86 45
2 87 45
2 88 45
2 89 45
2 90 45
2 91 45
2 92 45
2 93 45
2 94 45
2 95 45
2 96 45
2 97 45
2 98 45
2 99 45
2 100 45
2 101 45
2 102 45
2 103 45
2 104 45
2 105 45
2 106 45
2 107 45
2 108 45
2 109 45
2 110 45
2 111 45
2 112 45
2 113 45
2 114 45
2 115 45
2 116 45
2 117 45
2 118 45
2 119 45
2 120 45
2 121 45
2 122 45
2 123 45
2 124 45
2 124 46
3 124 46
1 124 46
1 124 47
1 124 48
1 124 49
1 125 49
0
70
1 83 49
1 83 50
1 83 51
1 83 52
1 83 53
1 83 54
1 83 55
1 83 56
1 83 57
1 83 58
1 83 59
1 83 60
1 83 61
1 83 62
1 83 63
1 83 64
1 83 65
1 83 66
1 83 67
1 83 68
1 83 69
1 83 70
1 83 71
1 83 72
1 83 73
1 83 74
1 83 75
1 83 76
1 83 77
1 83 78
1 83 79
1 83 80
1 83 81
1 83 82
1 83 83
1 83 84
1 83 85
1 83 86
1 83 87
1 83 88
1 83 89
1 84 89
1 85 89
1 86 89
1 87 89
1 88 89
1 89 89
1 90 89
1 91 89
1 92 89
1 93 89
1 94 89
1 95 89
3 95 89
2 95 89
2 96 89
2 97 89
2 98 89
2 99 89
2 100 89
2 101 89
2 102 89
2 103 89
2 104 89
2 105 89
2 106 89
2 107 89
2 108 89
2 109 89
2 110 89
2 111 89
2 112 89
2 113 89
2 114 89
2 115 89
2 116 89
2 117 89
2 118 89
2 119 89
2 120 89
2 121 89
2 122 89
2 123 89
2 124 89
2 125 89
2 126 89
2 127 89
2 128 89
2 129 89
2 130 89
2 131 89
2 132 89
2 133 89
2 134 89
2 135 89
2 136 89
2 136 88
2 136 87
2 136 86
2 136 85
3 136 85
1 136 85
0
71
0
72
0
73
1 14 67
1 14 66
1 14 65
1 14 64
1 14 63
1 14 62
1 14 61
1 14 60
1 14 59
1 14 58
1 14 57
1 14 56
1 14 55
1 14 54
1 14 53
1 14 52
1 14 51
1 13 51
1 12 51
1 11 51
1 10 51
1 9 51
1 9 50
1 9 49
1 9 48
1 9 47
1 9 46
1 9 45
1 9 44
1 9 43
1 9 42
1 9 41
1 9 40
1 9 39
1 9 38
1 9 37
1 9 36
1 9 35
1 9 34
1 9 33
1 9 32
1 9 31
1 10 31
0
74
1 14 31
1 15 31
1 16 31
1 17 31
1 18 31
1 19 31
0
75
0
76
1 159 67
1 158 67
1 157 67
1 156 67
1 156 68
3 156 68
2 156 68
2 155 68
2 154 68
2 153 68
2 152 68
2 151 68
2 150 68
2 150 67
2 150 66
2 150 65
2 150 64
2 150 63
2 150 62
2 150 61
2 150 60
2 150 59
2 150 58
2 150 57
2 150 56
2 150 55
2 150 54
2 150 53
2 150 52
2 150 51
2 151 51
2 152 51
2 153 51
2 154 51
2 155 51
2 156 51
2 157 51
2 158 51
2 159 51
2 160 51
2 161 51
2 162 51
2 163 51
2 164 51
2 165 51
2 166 51
2 167 51
2 168 51
3 168 51
1 168 51
1 169 51
1 170 51
1 171 51
1 171 50
1 171 49
1 172 49
0
77
1 150 13
1 149 13
1 148 13
1 147 13
1 146 13
1 145 13
1 144 13
1 143 13
1 142 13
1 141 13
1 140 13
1 139 13
1 138 13
1 137 13
1 136 13
1 135 13
1 134 13
1 133 13
1 132 13
1 131 13
1 130 13
1 129 13
1 128 13
1 127 13
1 126 13
1 126 14
1 126 15
1 126 16
1 126 17
1 126 18
1 126 19
1 126 20
1 126 21
1 126 22
1 126 23
1 126 24
1 126 25
1 126 26
1 126 27
1 126 28
1 126 29
1 126 30
1 126 31
1 126 32
1 125 32
1 124 32
1 123 32
1 122 32
3 122 32
2 122 32
2 121 32
2 120 32
2 119 32
2 118 32
3 118 32
1 118 32
1 117 32
1 117 31
0
78
1 189 49
1 189 50
1 189 51
1 189 52
1 189 53
1 189 54
1 189 55
1 189 56
1 189 57
1 189 58
1 189 59
1 189 60
1 189 61
1 189 62
1 189 63
1 189 64
1 189 65
1 189 66
1 188 66
1 187 66
1 186 66
1 185 66
1 184 66
1 183 66
1 182 66
1 182 67
0
79
1 21 31
1 21 32
1 21 33
1 21 34
1 21 35
1 21 36
1 21 37
1 21 38
1 21 39
1 21 40
1 21 41
1 21 42
1 21 43
1 21 44
1 21 45
1 21 46
1 21 47
1 21 48
1 21 49
0
80
1 117 13
1 116 13
1 115 13
1 114 13
3 114 13
2 114 13
2 114 14
2 114 15
2 113 15
3 113 15
1 113 15
1 112 15
1 111 15
1 110 15
1 109 15
1 108 15
1 107 15
1 106 15
1 105 15
1 104 15
1 103 15
3 103 15
2 103 15
2 103 14
2 103 13
3 103 13
1 103 13
0
81
1 119 13
3 119 13
2 119 13
2 119 14
2 119 15
2 119 16
2 119 17
2 119 18
2 119 19
2 119 20
2 119 21
2 119 22
2 119 23
2 119 24
2 119 25
2 119 26
2 119 27
2 119 28
2 119 29
2 118 29
2 117 29
2 116 29
2 115 29
2 114 29
2 114 30
2 114 31
2 114 32
2 114 33
2 113 33
2 112 33
2 111 33
2 110 33
2 109 33
2 108 33
2 108 32
2 108 31
3 108 31
1 108 31
0
82
1 112 31
1 113 31
1 113 32
1 113 33
1 113 34
1 113 35
1 113 36
1 113 37
1 113 38
1 113 39
1 113 40
1 113 41
1 113 42
1 114 42
1 115 42
1 116 42
1 117 42
1 118 42
1 119 42
1 120 42
3 120 42
2 120 42
2 121 42
2 122 42
2 123 42
2 124 42
2 125 42
2 126 42
2 127 42
2 128 42
2 129 42
2 130 42
2 131 42
2 132 42
2 133 42
2 134 42
2 135 42
2 136 42
2 137 42
2 138 42
2 139 42
2 140 42
2 141 42
2 142 42
2 143 42
2 144 42
2 145 42
2 146 42
2 147 42
2 148 42
2 149 42
2 150 42
2 151 42
2 152 42
2 153 42
2 154 42
2 155 42
2 156 42
2 157 42
2 158 42
2 159 42
2 160 42
2 161 42
2 162 42
2 163 42
2 164 42
2 165 42
2 165 43
2 165 44
2 165 45
2 165 46
2 165 47
2 165 48
2 165 49
3 165 49
1 165 49
0
83
1 167 49
1 167 50
1 167 51
1 166 51
1 165 51
1 164 51
1 163 51
1 162 51
1 161 51
1 160 51
1 159 51
1 158 51
1 157 51
1 156 51
1 155 51
1 154 51
1 153 51
1 152 51
1 151 51
1 150 51
1 149 51
1 149 50
1 149 49
1 149 48
1 149 47
1 149 46
1 149 45
1 149 44
1 149 43
1 149 42
1 149 41
1 149 40
1 149 39
3 149 39
2 149 39
2 148 39
2 147 39
2 146 39
2 145 39
2 144 39
2 143 39
2 142 39
2 141 39
2 140 39
2 139 39
2 138 39
2 137 39
2 136 39
2 135 39
2 134 39
2 133 39
2 132 39
2 131 39
2 130 39
2 129 39
2 128 39
2 127 39
2 126 39
2 125 39
2 124 39
2 123 39
2 122 39
2 121 39
2 120 39
2 119 39
2 118 39
2 117 39
2 116 39
2 115 39
2 114 39
2 113 39
2 112 39
2 111 39
2 110 39
2 109 39
2 108 39
2 107 39
2 106 39
2 105 39
2 104 39
2 103 39
2 102 39
2 101 39
2 100 39
2 99 39
2 98 39
2 97 39
2 96 39
2 95 39
2 94 39
2 93 39
2 92 39
2 91 39
2 90 39
2 89 39
2 88 39
2 87 39
2 86 39
2 85 39
2 84 39
2 83 39
2 82 39
2 81 39
2 80 39
2 79 39
2 78 39
2 77 39
2 76 39
2 75 39
2 74 39
2 73 39
2 72 39
2 71 39
2 70 39
2 69 39
2 69 38
2 69 37
2 69 36
2 69 35
2 69 34
2 69 33
2 69 32
2 69 31
2 68 31
3 68 31
1 68 31
0
84
1 201 31
1 202 31
3 202 31
2 202 31
2 203 31
2 204 31
2 205 31
2 206 31
2 207 31
2 208 31
2 209 31
2 210 31
3 210 31
1 210 31
0
85
1 203 31
1 203 30
1 203 29
1 203 28
1 203 27
1 202 27
1 201 27
3 201 27
2 201 27
2 200 27
2 199 27
2 198 27
2 197 27
2 196 27
2 195 27
2 194 27
2 193 27
2 192 27
2 191 27
2 190 27
2 189 27
2 188 27
2 187 27
2 186 27
2 185 27
2 184 27
2 183 27
2 182 27
2 181 27
2 180 27
2 179 27
2 178 27
2 177 27
2 176 27
2 175 27
2 174 27
2 173 27
2 172 27
2 171 27
2 170 27
2 169 27
2 168 27
2 167 27
2 166 27
2 165 27
2 164 27
2 163 27
2 162 27
2 161 27
2 160 27
2 159 27
2 158 27
2 157 27
2 156 27
2 155 27
2 154 27
2 153 27
2 152 27
2 151 27
2 150 27
2 150 28
2 150 29
3 150 29
1 150 29
1 150 30
1 150 31
0
86
1 152 31
1 152 32
1 152 33
1 152 34
1 152 35
1 152 36
1 152 37
1 152 38
1 153 38
1 154 38
1 155 38
1 156 38
1 157 38
3 157 38
2 157 38
2 158 38
2 159 38
2 160 38
2 161 38
2 162 38
2 163 38
2 164 38
2 165 38
2 166 38
2 167 38
2 168 38
2 169 38
2 170 38
2 171 38
2 172 38
2 173 38
2 174 38
2 175 38
2 176 38
2 177 38
2 178 38
2 179 38
2 180 38
2 181 38
2 182 38
2 183 38
2 184 38
2 185 38
2 185 39
2 185 40
2 185 41
2 185 42
2 185 43
2 185 44
2 185 45
2 185 46
2 185 47
2 185 48
2 185 49
2 185 50
2 185 51
2 185 52
2 185 53
2 185 54
2 185 55
2 185 56
2 185 57
2 185 58
2 185 59
2 185 60
2 185 61
2 185 62
2 185 63
2 185 64
2 185 65
2 185 66
2 185 67
2 186 67
3 186 67
1 186 67
0
87
1 184 67
1 184 68
1 184 69
1 184 70
1 184 71
1 184 72
1 184 73
1 184 74
1 184 75
1 184 76
1 184 77
1 184 78
1 184 79
1 184 80
1 184 81
1 184 82
1 184 83
1 184 84
1 185 84
1 186 84
1 187 84
1 187 85
1 187 86
1 188 86
1 189 86
1 190 86
1 191 86
1 192 86
1 193 86
1 194 86
1 195 86
3 195 86
2 195 86
2 195 87
2 195 88
2 195 89
2 195 90
2 195 91
2 195 92
2 195 93
2 195 94
2 195 95
2 195 96
2 195 97
2 195 98
2 195 99
2 195 100
2 195 101
2 195 102
2 195 103
2 196 103
3 196 103
1 196 103
0
88
1 188 67
1 188 68
3 188 68
2 188 68
2 188 69
2 188 70
2 188 71
2 188 72
2 188 73
2 188 74
2 188 75
2 188 76
2 188 77
2 188 78
2 188 79
2 188 80
2 188 81
2 188 82
2 188 83
2 188 84
2 188 85
2 188 86
2 188 87
2 188 88
2 188 89
2 188 90
2 188 91
2 188 92
2 188 93
2 188 94
2 188 95
2 188 96
2 188 97
2 188 98
2 188 99
2 188 100
2 188 101
2 189 101
2 190 101
2 191 101
2 192 101
2 193 101
3 193 101
1 193 101
1 194 101
1 195 101
1 196 101
1 197 101
1 198 101
1 199 101
1 200 101
1 201 101
1 201 102
1 201 103
0
89
1 182 103
1 181 103
3 181 103
2 181 103
2 180 103
2 179 103
2 178 103
2 177 103
2 176 103
2 175 103
2 174 103
2 173 103
2 172 103
2 171 103
2 170 103
2 169 103
2 168 103
2 167 103
2 166 103
2 165 103
2 164 103
2 163 103
2 162 103
2 161 103
2 160 103
2 159 103
2 159 102
2 159 101
2 159 100
2 159 99
2 159 98
2 159 97
2 159 96
2 159 95
2 159 94
2 159 93
2 159 92
2 159 91
2 159 90
2 159 89
2 159 88
2 159 87
2 159 86
2 159 85
3 159 85
1 159 85
0
90
1 40 103
1 40 104
1 40 105
1 40 106
1 40 107
1 41 107
1 42 107
1 43 107
1 44 107
1 45 107
1 46 107
1 47 107
1 48 107
1 49 107
1 50 107
1 51 107
1 52 107
1 53 107
1 54 107
1 55 107
1 56 107
1 57 107
1 58 107
1 59 107
1 60 107
1 61 107
1 62 107
1 63 107
1 64 107
1 65 107
1 66 107
1 67 107
1 68 107
1 69 107
1 70 107
1 71 107
1 72 107
1 73 107
1 74 107
1 75 107
1 76 107
1 77 107
1 78 107
1 79 107
1 80 107
1 81 107
1 82 107
1 83 107
1 84 107
1 85 107
1 86 107
1 87 107
1 88 107
1 89 107
1 90 107
1 91 107
1 92 107
1 93 107
1 94 107
1 95 107
1 96 107
1 97 107
1 98 107
1 99 107
1 100 107
1 101 107
1 102 107
1 103 107
1 104 107
1 105 107
1 106 107
1 107 107
1 108 107
1 109 107
1 110 107
1 111 107
1 112 107
1 113 107
1 114 107
1 115 107
1 116 107
1 117 107
1 118 107
1 119 107
1 120 107
1 121 107
1 122 107
1 123 107
1 124 107
1 125 107
1 126 107
1 127 107
1 128 107
1 129 107
1 130 107
1 131 107
1 132 107
1 133 107
1 134 107
1 135 107
1 136 107
1 137 107
1 138 107
1 139 107
1 140 107
1 141 107
1 142 107
1 143 107
1 144 107
1 145 107
1 146 107
1 147 107
1 148 107
1 149 107
1 150 107
1 151 107
1 152 107
1 153 107
1 154 107
1 155 107
1 156 107
1 157 107
1 158 107
1 159 107
1 160 107
1 161 107
1 162 107
1 163 107
1 164 107
1 165 107
1 166 107
1 167 107
1 168 107
1 169 107
1 170 107
1 171 107
1 172 107
1 173 107
1 174 107
1 175 107
1 176 107
1 177 107
1 178 107
1 179 107
1 180 107
1 181 107
1 182 107
1 183 107
1 184 107
1 185 107
1 186 107
1 187 107
1 188 107
1 189 107
1 190 107
1 190 106
1 190 105
1 190 104
1 190 103
1 190 102
1 190 101
1 190 100
1 190 99
1 190 98
1 190 97
1 190 96
1 190 95
1 190 94
1 190 93
1 190 92
1 190 91
1 190 90
1 190 89
1 190 88
3 190 88
2 190 88
2 190 87
2 190 86
2 190 85
2 191 85
2 192 85
2 193 85
3 193 85
1 193 85
0
91
1 197 85
1 197 84
1 197 83
1 197 82
1 197 81
1 197 80
1 197 79
1 197 78
1 197 77
1 197 76
1 197 75
1 197 74
1 197 73
1 197 72
1 197 71
3 197 71
2 197 71
2 197 70
2 197 69
2 197 68
2 197 67
2 196 67
3 196 67
1 196 67
0
92
1 198 67
1 198 66
1 198 65
1 197 65
1 196 65
1 195 65
1 194 65
1 193 65
3 193 65
2 193 65
2 192 65
2 191 65
2 190 65
2 189 65
2 188 65
2 187 65
2 186 65
3 186 65
1 186 65
1 185 65
1 184 65
1 183 65
1 182 65
1 181 65
1 180 65
1 179 65
1 178 65
1 177 65
1 176 65
1 175 65
1 174 65
1 173 65
1 172 65
1 172 66
1 172 67
1 171 67
0
93
1 175 67
1 174 67
1 173 67
1 173 68
1 172 68
1 171 68
1 170 68
1 169 68
1 169 67
1 169 66
1 169 65
1 168 65
1 167 65
1 166 65
1 165 65
1 164 65
1 163 65
1 162 65
1 161 65
1 160 65
1 159 65
1 158 65
1 157 65
1 156 65
1 155 65
1 154 65
1 153 65
1 152 65
1 151 65
1 150 65
1 149 65
1 148 65
3 148 65
2 148 65
2 147 65
2 146 65
2 145 65
2 144 65
2 143 65
2 142 65
2 141 65
2 140 65
2 139 65
2 138 65
2 137 65
2 136 65
2 135 65
2 134 65
2 133 65
2 132 65
2 131 65
2 130 65
2 129 65
2 128 65
2 127 65
2 126 65
2 125 65
2 124 65
2 123 65
2 122 65
2 121 65
2 120 65
2 119 65
2 118 65
2 117 65
2 116 65
2 115 65
2 114 65
2 113 65
2 112 65
2 111 65
2 110 65
2 109 65
2 108 65
2 107 65
2 106 65
2 105 65
2 104 65
2 103 65
2 102 65
2 101 65
2 100 65
2 99 65
2 98 65
2 97 65
2 96 65
2 95 65
2 94 65
2 93 65
2 92 65
2 91 65
2 90 65
2 89 65
2 88 65
2 87 65
2 86 65
2 86 66
3 86 66
1 86 66
1 86 67
0
94
1 92 67
1 92 66
1 92 65
1 92 64
1 92 63
1 92 62
1 92 61
1 92 60
1 92 59
1 92 58
1 92 57
1 92 56
1 92 55
1 92 54
1 92 53
1 92 52
1 92 51
1 92 50
1 92 49
1 93 49
1 94 49
1 95 49
0
95
1 56 67
1 57 67
1 58 67
1 59 67
0
96
1 101 67
1 101 66
1 101 65
1 101 64
1 101 63
1 101 62
1 101 61
1 101 60
1 101 59
1 101 58
1 101 57
1 101 56
1 101 55
1 101 54
1 101 53
1 101 52
1 101 51
1 100 51
1 99 51
1 98 51
1 98 50
1 98 49
1 98 48
1 98 47
1 98 46
1 98 45
1 98 44
1 98 43
1 98 42
1 98 41
1 98 40
1 98 39
1 98 38
1 98 37
1 98 36
1 98 35
1 98 34
1 98 33
1 98 32
1 98 31
1 97 31
3 97 31
2 97 31
2 96 31
2 95 31
2 94 31
2 93 31
3 93 31
1 93 31
0
97
1 95 31
1 95 30
1 95 29
1 95 28
1 95 27
1 95 26
1 95 25
1 95 24
1 95 23
1 95 22
1 95 21
1 95 20
1 95 19
1 95 18
1 95 17
3 95 17
2 95 17
2 96 17
2 97 17
2 98 17
2 99 17
2 100 17
2 101 17
2 102 17
2 103 17
2 104 17
2 105 17
2 106 17
2 107 17
2 108 17
2 109 17
2 110 17
2 110 16
2 110 15
2 110 14
2 110 13
2 110 12
2 110 11
2 111 11
2 112 11
2 113 11
2 114 11
2 115 11
2 116 11
2 117 11
2 118 11
2 119 11
2 120 11
2 121 11
2 122 11
2 123 11
2 124 11
2 125 11
2 126 11
2 127 11
2 128 11
2 129 11
2 130 11
2 131 11
2 132 11
2 133 11
2 134 11
2 135 11
2 136 11
2 137 11
2 138 11
2 139 11
2 140 11
2 141 11
2 142 11
2 143 11
2 144 11
2 145 11
2 146 11
2 147 11
2 148 11
2 149 11
2 150 11
2 151 11
2 152 11
2 153 11
2 154 11
2 155 11
2 156 11
2 157 11
2 158 11
2 159 11
2 160 11
2 161 11
2 162 11
2 163 11
2 164 11
2 165 11
2 166 11
2 167 11
2 168 11
2 169 11
2 169 12
2 169 13
2 169 14
2 169 15
2 169 16
2 169 17
2 169 18
2 169 19
2 169 20
2 169 21
2 169 22
2 169 23
2 169 24
2 169 25
2 169 26
3 169 26
1 169 26
1 169 27
1 169 28
1 169 29
1 169 30
1 169 31
1 169 32
3 169 32
2 169 32
2 170 32
2 171 32
3 171 32
1 171 32
1 171 31
0
98
1 173 31
1 173 32
1 173 33
1 173 34
1 173 35
1 174 35
1 175 35
1 176 35
1 177 35
1 178 35
1 179 35
1 180 35
1 181 35
1 182 35
1 183 35
1 184 35
1 185 35
1 186 35
1 187 35
3 187 35
2 187 35
2 188 35
2 189 35
2 190 35
2 191 35
2 192 35
2 193 35
3 193 35
1 193 35
1 194 35
1 195 35
1 196 35
1 197 35
1 198 35
1 199 35
3 199 35
2 199 35
2 200 35
2 201 35
2 202 35
2 203 35
2 204 35
2 205 35
2 206 35
2 207 35
2 208 35
2 209 35
2 210 35
2 211 35
2 212 35
2 213 35
2 214 35
2 215 35
2 216 35
2 216 34
2 216 33
2 216 32
2 216 31
2 217 31
3 217 31
1 217 31
0
99
1 202 85
1 202 84
1 202 83
1 202 82
1 202 81
1 202 80
1 202 79
1 202 78
1 202 77
1 202 76
1 202 75
1 202 74
1 202 73
1 202 72
1 202 71
1 202 70
1 202 69
1 202 68
1 202 67
1 202 66
1 202 65
1 202 64
1 202 63
1 202 62
1 202 61
1 202 60
1 202 59
1 202 58
1 202 57
1 202 56
1 202 55
1 202 54
1 202 53
1 202 52
1 202 51
1 202 50
1 202 49
1 202 48
1 202 47
1 202 46
1 202 45
1 202 44
1 202 43
1 202 42
1 202 41
1 202 40
1 202 39
1 202 38
1 202 37
1 202 36
1 202 35
1 202 34
1 202 33
1 202 32
1 203 32
1 204 32
1 205 32
3 205 32
2 205 32
2 206 32
2 207 32
2 208 32
2 209 32
2 210 32
2 211 32
2 212 32
2 213 32
2 214 32
2 215 32
2 215 31
3 215 31
1 215 31
0
100
1 219 31
1 219 32
1 219 33
1 219 34
1 219 35
1 219 36
1 219 37
1 219 38
1 219 39
1 219 40
1 219 41
1 219 42
1 219 43
1 219 44
1 219 45
1 219 46
1 219 47
1 219 48
1 219 49
1 218 49
1 217 49
1 216 49
1 215 49
1 214 49
1 213 49
1 212 49
1 211 49
1 210 49
1 209 49
1 208 49
3 208 49
2 208 49
2 207 49
2 206 49
2 205 49
3 205 49
1 205 49
0
101
1 203 103
1 203 102
1 203 101
1 203 100
1 203 99
1 203 98
1 203 97
1 203 96
1 203 95
1 203 94
1 203 93
1 203 92
1 203 91
1 203 90
1 203 89
1 203 88
3 203 88
2 203 88
2 203 87
2 203 86
2 203 85
2 203 84
2 202 84
2 201 84
2 200 84
2 200 85
3 200 85
1 200 85
0
102
1 207 49
1 207 50
1 207 51
1 207 52
1 207 53
1 207 54
1 207 55
1 207 56
1 207 57
1 207 58
1 207 59
1 207 60
1 207 61
1 207 62
1 207 63
1 207 64
1 207 65
1 207 66
1 207 67
1 207 68
3 207 68
2 207 68
2 206 68
2 205 68
2 204 68
2 203 68
2 203 67
3 203 67
1 203 67
0
103
1 205 67
1 205 68
1 205 69
1 205 70
1 205 71
1 205 72
1 205 73
1 205 74
1 205 75
1 205 76
1 205 77
1 205 78
1 205 79
1 205 80
1 205 81
1 205 82
1 205 83
1 205 84
1 205 85
0
104
0
105
1 23 49
1 24 49
1 25 49
1 26 49
1 27 49
1 28 49
0
106
1 33 49
1 32 49
1 31 49
1 30 49
1 29 49
1 29 48
1 28 48
1 27 48
1 26 48
1 25 48
1 24 48
1 23 48
1 22 48
3 22 48
2 22 48
2 21 48
2 20 48
2 19 48
2 18 48
2 17 48
2 16 48
2 15 48
2 14 48
2 13 48
2 13 49
2 13 50
2 13 51
2 13 52
2 13 53
2 13 54
2 13 55
2 13 56
2 13 57
2 13 58
2 13 59
2 13 60
2 13 61
2 13 62
2 13 63
2 13 64
2 13 65
2 13 66
2 13 67
2 14 67
2 15 67
2 16 67
2 17 67
3 17 67
1 17 67
0
107
1 19 67
1 19 68
1 19 69
1 19 70
1 19 71
1 19 72
1 19 73
1 19 74
1 19 75
1 19 76
1 19 77
1 19 78
1 19 79
1 19 80
1 19 81
1 19 82
1 19 83
1 19 84
1 18 84
1 17 84
1 16 84
1 15 84
1 14 84
1 13 84
1 12 84
1 11 84
1 10 84
1 10 85
0
108
1 12 85
1 13 85
1 14 85
3 14 85
2 14 85
2 14 84
2 14 83
2 14 82
2 14 81
2 14 80
2 14 79
2 14 78
2 14 77
2 14 76
2 14 75
2 14 74
2 14 73
2 14 72
2 14 71
2 14 70
2 14 69
2 14 68
2 15 68
2 16 68
2 17 68
2 18 68
2 19 68
2 20 68
2 21 68
2 22 68
2 22 67
3 22 67
1 22 67
0
109
1 24 67
1 25 67
1 26 67
1 27 67
0
110
1 29 67
1 29 68
1 29 69
1 29 70
1 29 71
1 29 72
1 29 73
1 29 74
1 29 75
1 29 76
1 29 77
1 29 78
1 29 79
1 29 80
1 29 81
1 29 82
1 29 83
1 29 84
1 29 85
1 29 86
1 28 86
1 27 86
1 26 86
1 25 86
1 24 86
1 23 86
1 22 86
1 21 86
1 20 86
1 19 86
1 18 86
1 17 86
1 16 86
1 15 86
1 15 85
0
111
1 17 85
3 17 85
2 17 85
2 17 86
2 17 87
2 17 88
2 17 89
2 17 90
2 17 91
2 17 92
2 17 93
2 17 94
2 17 95
2 17 96
2 17 97
2 17 98
2 17 99
2 17 100
2 17 101
2 17 102
2 17 103
2 16 103
2 15 103
2 14 103
2 13 103
2 12 103
2 11 103
2 10 103
3 10 103
1 10 103
0
112
1 12 103
1 12 102
1 12 101
1 12 100
1 12 99
1 12 98
1 12 97
1 12 96
1 12 95
1 12 94
1 12 93
1 12 92
1 12 91
1 12 90
1 12 89
1 12 88
1 13 88
1 14 88
1 15 88
1 16 88
1 17 88
1 18 88
1 19 88
1 19 87
3 19 87
2 19 87
2 19 86
2 19 85
2 20 85
3 20 85
1 20 85
0
113
1 22 85
3 22 85
2 22 85
2 22 86
2 22 87
2 22 88
2 22 89
2 22 90
2 22 91
2 22 92
2 22 93
2 22 94
2 22 95
2 22 96
2 22 97
2 22 98
2 22 99
2 22 100
2 22 101
2 22 102
2 22 103
2 22 104
2 22 105
2 21 105
2 20 105
2 19 105
2 18 105
2 17 105
2 16 105
2 15 105
2 15 104
3 15 104
1 15 104
1 15 103
0
114
1 17 103
1 17 102
1 17 101
1 18 101
1 19 101
1 20 101
1 21 101
1 22 101
1 23 101
1 24 101
1 25 101
1 26 101
1 27 101
1 28 101
1 29 101
1 30 101
1 31 101
1 32 101
1 33 101
1 34 101
1 35 101
1 36 101
1 37 101
1 38 101
1 39 101
1 40 101
1 41 101
1 42 101
1 43 101
1 43 102
1 43 103
0
115
1 45 103
1 45 102
1 45 101
1 45 100
1 44 100
1 43 100
1 42 100
1 41 100
1 40 100
1 39 100
1 38 100
1 37 100
1 36 100
1 35 100
1 34 100
1 33 100
1 32 100
1 31 100
1 30 100
1 29 100
1 28 100
1 27 100
1 26 100
1 25 100
1 24 100
1 23 100
1 22 100
1 21 100
3 21 100
2 21 100
2 21 101
2 21 102
2 21 103
2 20 103
3 20 103
1 20 103
0
116
1 22 103
1 23 103
1 24 103
3 24 103
2 24 103
2 25 103
2 26 103
2 26 102
2 26 101
2 26 100
2 26 99
2 26 98
2 26 97
2 26 96
2 26 95
2 26 94
2 26 93
2 26 92
2 26 91
2 26 90
2 26 89
2 26 88
2 26 87
2 26 86
2 26 85
2 25 85
3 25 85
1 25 85
0
117
1 27 85
3 27 85
2 27 85
2 27 86
2 27 87
2 27 88
2 27 89
2 27 90
2 27 91
2 27 92
2 27 93
2 27 94
2 27 95
2 27 96
2 27 97
2 27 98
2 27 99
2 27 100
2 27 101
2 27 102
3 27 102
1 27 102
1 26 102
1 25 102
1 25 103
0
118
1 27 103
1 28 103
1 29 103
1 30 103
1 31 103
1 32 103
1 33 103
1 34 103
1 35 103
1 36 103
1 37 103
1 38 103
1 39 103
3 39 103
2 39 103
2 40 103
2 41 103
2 42 103
2 43 103
2 44 103
2 45 103
2 46 103
2 47 103
2 48 103
3 48 103
1 48 103
0
119
1 50 103
1 51 103
1 52 103
1 53 103
0
120
1 55 103
1 56 103
1 57 103
1 58 103
1 59 103
1 60 103
1 61 103
1 62 103
1 63 103
1 64 103
1 65 103
1 66 103
1 67 103
1 67 102
1 68 102
1 69 102
1 70 102
1 71 102
1 72 102
1 73 102
1 74 102
1 75 102
1 76 102
1 77 102
1 78 102
1 79 102
1 80 102
1 81 102
1 82 102
1 83 102
1 84 102
1 85 102
1 85 103
0
121
1 87 103
1 88 103
1 89 103
1 90 103
1 91 103
1 92 103
1 93 103
1 94 103
1 95 103
1 95 102
3 95 102
2 95 102
2 96 102
2 97 102
2 98 102
2 99 102
2 100 102
2 101 102
2 102 102
2 103 102
2 104 102
2 105 102
2 106 102
2 107 102
2 108 102
2 109 102
2 110 102
2 111 102
2 112 102
2 113 102
2 114 102
2 115 102
2 116 102
2 117 102
2 118 102
2 119 102
2 120 102
2 121 102
2 122 102
2 123 102
2 124 102
2 125 102
2 126 102
2 127 102
2 127 103
3 127 103
1 127 103
0
122
1 129 103
1 130 103
1 131 103
1 132 103
1 133 103
1 134 103
1 135 103
1 136 103
1 137 103
1 138 103
1 139 103
1 140 103
1 141 103
1 142 103
1 143 103
1 144 103
1 145 103
1 146 103
1 147 103
1 147 104
1 148 104
1 149 104
1 150 104
1 151 104
1 152 104
1 153 104
1 154 104
1 155 104
1 156 104
1 157 104
1 158 104
1 159 104
1 160 104
1 161 104
1 162 104
1 163 104
1 164 104
1 165 104
1 166 104
1 167 104
1 168 104
1 169 104
1 169 103
0
123
1 35 31
1 36 31
3 36 31
2 36 31
2 37 31
2 38 31
2 39 31
3 39 31
1 39 31
1 39 30
1 39 29
1 39 28
1 39 27
1 39 26
1 39 25
1 39 24
1 39 23
1 39 22
1 39 21
1 39 20
1 39 19
1 39 18
1 39 17
1 39 16
1 38 16
1 37 16
1 36 16
1 35 16
1 34 16
1 33 16
1 32 16
1 31 16
1 30 16
3 30 16
2 30 16
2 30 15
2 30 14
2 30 13
2 29 13
3 29 13
1 29 13
0
124
1 209 13
1 209 12
1 209 11
1 209 10
1 209 9
1 208 9
1 207 9
1 206 9
1 205 9
1 204 9
1 203 9
1 202 9
1 201 9
1 200 9
1 199 9
1 198 9
1 197 9
1 196 9
1 195 9
1 194 9
1 193 9
1 192 9
1 191 9
1 190 9
1 189 9
1 188 9
1 187 9
1 186 9
1 185 9
1 184 9
1 183 9
1 182 9
1 181 9
1 180 9
1 179 9
1 178 9
1 177 9
1 176 9
1 175 9
1 174 9
1 173 9
1 172 9
1 171 9
1 170 9
1 169 9
1 168 9
1 167 9
1 166 9
1 165 9
1 164 9
1 163 9
1 162 9
1 161 9
1 160 9
1 159 9
1 158 9
1 157 9
1 156 9
1 155 9
1 154 9
1 153 9
1 152 9
1 151 9
1 150 9
1 149 9
1 148 9
1 147 9
1 146 9
1 145 9
1 144 9
1 143 9
1 142 9
1 141 9
1 140 9
1 139 9
1 138 9
1 137 9
1 136 9
1 135 9
1 134 9
1 133 9
1 132 9
1 131 9
1 130 9
1 129 9
1 128 9
1 127 9
1 126 9
1 125 9
1 124 9
1 123 9
1 122 9
1 121 9
1 120 9
1 119 9
1 118 9
1 117 9
1 116 9
1 115 9
1 114 9
1 113 9
1 112 9
1 111 9
1 110 9
1 109 9
1 108 9
1 107 9
1 106 9
1 105 9
1 104 9
1 103 9
1 102 9
1 101 9
1 100 9
1 99 9
1 98 9
1 97 9
1 96 9
1 95 9
1 94 9
1 93 9
1 92 9
1 91 9
1 90 9
1 89 9
1 88 9
1 87 9
1 86 9
1 85 9
1 84 9
1 83 9
1 82 9
1 81 9
1 80 9
1 79 9
1 78 9
1 77 9
1 76 9
1 75 9
1 74 9
1 73 9
1 72 9
1 71 9
1 70 9
1 69 9
1 68 9
1 67 9
1 66 9
1 65 9
1 64 9
1 63 9
1 62 9
1 61 9
1 60 9
1 59 9
1 58 9
1 57 9
1 56 9
1 55 9
1 54 9
1 53 9
1 52 9
1 51 9
1 50 9
1 49 9
1 48 9
1 47 9
1 46 9
1 45 9
1 44 9
1 43 9
1 42 9
1 41 9
1 40 9
1 39 9
1 38 9
1 37 9
1 36 9
1 35 9
1 34 9
1 33 9
1 32 9
1 32 10
1 32 11
1 32 12
1 32 13
1 31 13
0
125
1 91 85
1 91 84
1 91 83
1 91 82
1 91 81
1 91 80
1 91 79
1 91 78
1 91 77
1 91 76
1 91 75
1 91 74
1 91 73
1 91 72
1 91 71
1 91 70
1 91 69
1 91 68
1 91 67
1 91 66
1 91 65
1 91 64
1 91 63
1 91 62
1 91 61
1 91 60
1 91 59
1 91 58
1 91 57
1 91 56
1 91 55
1 91 54
1 90 54
1 89 54
1 88 54
1 87 54
1 86 54
1 85 54
1 84 54
3 84 54
2 84 54
2 83 54
2 82 54
2 81 54
2 80 54
2 79 54
2 78 54
2 77 54
2 76 54
2 75 54
2 75 53
2 75 52
2 75 51
2 75 50
2 75 49
2 75 48
2 75 47
2 75 46
2 75 45
2 75 44
2 75 43
2 75 42
2 75 41
2 74 41
2 73 41
2 72 41
2 71 41
2 70 41
2 69 41
2 68 41
2 67 41
2 66 41
2 65 41
2 64 41
2 63 41
2 62 41
2 61 41
2 60 41
2 59 41
2 58 41
2 57 41
2 56 41
2 55 41
2 54 41
2 53 41
2 52 41
2 51 41
2 50 41
2 49 41
2 48 41
2 47 41
2 46 41
2 45 41
2 44 41
2 43 41
2 42 41
2 41 41
2 40 41
2 40 40
2 40 39
2 40 38
2 40 37
2 40 36
2 40 35
2 40 34
2 40 33
2 40 32
2 40 31
3 40 31
1 40 31
1 40 30
1 40 29
1 40 28
1 40 27
1 40 26
1 40 25
1 40 24
1 40 23
1 40 22
1 40 21
1 40 20
1 40 19
1 40 18
1 40 17
1 40 16
3 40 16
2 40 16
2 39 16
2 38 16
2 37 16
2 36 16
2 35 16
2 34 16
2 33 16
2 33 15
2 33 14
2 33 13
3 33 13
1 33 13
0
