1 36.1108 16.1554
2 40 21.3588
3 36.1057 18.3048
4 39.7408 18.9054
5 42.4835 18.9992
6 43.0571 17.5426
7 42.1691 16.4419
8 44.4498 14.6203
9 45.6829 19.9221
10 43.8806 18.0131
11 -2.66073e-010 -4.82565e-011
12 -4.42979e-011 7.75209e-011
13 -2.42855e-011 7.0333e-011
14 46.8445 19.135
15 9.40776e-011 4.7847e-011
16 -1.45736e-010 6.13083e-011
17 -7.20178e-011 7.42599e-011
18 29.6241 28.8309
19 37.8239 19.0311
20 45.9401 20.3294
21 1.09292e-009 -4.92044e-010
22 -4.25216e-010 1.36567e-011
23 38.6693 19.607
24 38.6152 18.6251
25 39.6876 18.155
26 40.4755 18.4258
27 -1.28726e-010 1.46861e-010
28 5.62139e-010 -2.2228e-010
29 -8.92529e-011 1.89504e-010
30 40.7026 21.6193
31 -1.17096e-010 1.5281e-010
32 -4.62336e-011 -1.72703e-010
33 4.94106e-010 1.01351e-010
34 47.4537 19.7005
35 6.88312e-010 -3.47125e-010
36 -4.64236e-010 -4.37402e-011
37 -3.67444e-011 3.42192e-011
38 1.59142e-010 -1.83066e-010
39 -3.09322e-010 9.15518e-012
40 -4.51965e-010 5.22863e-011
41 46.5863 23.0755
42 -1.34542e-011 8.89069e-011
43 2.21817e-010 -2.68156e-010
44 1.24738e-011 8.42638e-011
45 -1.51864e-010 6.45767e-011
46 4.27197e-011 -6.8628e-011
47 37.217 26.367
48 5.21819e-011 2.64557e-011
49 4.47822e-010 -3.52381e-011
50 -2.52423e-010 6.42145e-011
51 37.9144 19.0943
52 -1.74438e-010 1.01485e-010
53 1.20999e-010 2.64623e-011
54 -3.3896e-012 4.62501e-011
55 -6.38047e-011 -1.39084e-010
56 44.5594 18.1368
57 -4.79392e-011 -3.72833e-011
58 36.7973 21.4361
59 4.21793e-012 -4.27445e-010
60 -9.84367e-012 -1.13709e-010
61 -2.2788e-010 1.80311e-010
62 45.336 20.6389
63 -1.95349e-010 1.13356e-010
64 -2.63443e-010 6.65164e-011
65 -2.3637e-010 -3.25867e-011
66 -8.8024e-011 -1.18123e-010
67 35.128 28.725
68 1.67451e-010 2.41371e-010
69 5.97605e-010 -2.49628e-010
70 -2.78025e-011 3.32071e-012
71 32.391 25.9591
72 36.1054 34.9906
73 1.40736e-010 -6.28067e-010
74 -3.73484e-010 2.95958e-010
75 67.6677 63.061
76 -4.15102e-010 9.30029e-011
77 1.2514e-009 -2.38859e-010
78 17.564 64.3625
79 36.621 18.8972
80 35.6432 19.148
81 38.7462 19.6598
82 -9.50908e-010 5.79533e-010
83 46.5714 20.7229
84 45.8631 20.9534
85 -9.0623e-012 2.65746e-010
86 -1.27487e-010 1.67671e-010
87 43.7954 21.5589
88 44.4148 18.6512
89 46.752 20.0029
90 3.02417e-011 1.49462e-010
91 -3.99033e-011 1.52796e-010
92 -3.35952e-012 4.17304e-011
93 -3.82808e-010 1.7669e-010
94 1.87785e-010 1.10121e-010
95 36.3464 15.4719
96 37.7876 15.5113
97 41.7998 16.325
98 41.7998 16.3002
99 41.9449 13.5958
100 41.6493 13.6947
101 39.3467 18.7874
102 -1.62407e-010 -8.78867e-011
103 2.44027e-010 1.00659e-010
104 2.98522e-010 -8.2256e-011
105 45.2979 18.6168
106 3.00881e-010 -3.71892e-010
107 -5.27943e-010 2.1783e-010
108 1.08206e-009 -4.48739e-011
109 6.62615e-011 -2.43399e-011
110 33.0917 12.0234
111 33.5753 12.1557
112 33.2472 11.9028
113 32.6267 11.9647
114 33.2986 11.5025
115 33.8898 11.6958
116 33.4504 11.6259
117 33.3495 11.5208
118 32.9521 12.0383
119 32.364 11.9058
120 32.5389 12.0062
121 33.5995 12.2934
122 33.5995 12.1844
123 33.7358 12.4233
124 33.4883 12.0337
125 33.4504 11.7575
