1 24.6617 42.0178
2 33.4232 47.2815
3 33.9335 47.2389
4 19.29 38.5308
5 19.5625 38.6858
6 22.832 40.5457
7 53.0552 56.4321
8 28.5767 52.9397
9 40.0849 56.1012
10 41.6781 58.8012
11 19.4263 38.6083
12 53.402 56.5626
13 44.0148 63.1996
14 46.0648 62.5723
15 45.731 61.6535
16 47.7457 62.038
17 46.0822 62.38
18 45.5619 65.1076
19 44.7849 63.4744
20 44.0865 57.6262
21 44.7157 62.9717
22 51.4762 59.9282
23 45.3554 63.3136
24 43.3231 66.0137
25 43.0224 61.7337
26 46.2263 59.0296
27 45.9609 59.6913
28 41.5568 62.0487
29 45.2982 62.0321
30 44.2307 58.9705
31 55.4592 57.0622
32 53.1092 57.7439
33 41.3781 57.1632
34 45.4682 61.5709
35 40.2193 60.6313
36 52.4445 57.1451
37 51.6045 62.6127
38 46.2695 61.2718
39 46.3096 61.2144
40 46.2321 61.273
41 46.3505 61.1571
42 46.3407 61.1694
43 46.376 61.1204
44 46.5293 61.1477
45 46.0314 61.4834
46 46.5367 61.2546
47 45.8477 58.903
48 45.1295 60.645
49 45.6458 61.6057
50 46.008 60.9605
51 46.1327 61.2826
52 46.9953 61.3831
53 48.3388 60.7937
54 51.2302 60.1472
55 45.8783 60.9902
56 45.2708 60.5811
57 45.829 60.9707
58 51.9218 59.9427
59 51.4432 59.6042
60 46.2045 60.9553
61 45.6794 61.0482
62 45.7908 61.9046
63 46.1235 61.0811
64 44.577 61.5216
65 42.9461 62.9508
66 46.3239 61.0283
67 46.6529 61.0676
68 46.4874 60.9057
69 46.4314 60.9034
70 51.5681 59.6545
71 46.1869 61.2454
72 47.3608 60.5597
73 46.3627 60.745
74 42.854 60.7582
75 46.5244 60.7753
76 46.2726 61.0623
77 47.7033 60.9079
78 43.0142 58.5985
79 38.013 61.6889
80 27.3884 69.858
81 32.9437 62.2001
82 26.6338 67.2569
83 43.814 57.3884
84 43.1104 57.9532
85 42.2667 59.6203
86 41.059 61.8253
87 40.6108 61.8729
88 37.9043 63.2242
89 45.9306 57.4553
90 18.8257 65.6547
91 22.36 65.5511
92 28.6231 59.7663
93 22.414 53.9728
94 26.1621 66.222
95 12.7218 64.549
96 12.5922 62.5613
97 22.4285 60.019
98 35.2101 66.1238
99 34.2272 65.9837
100 18.3238 51.4675
101 44.8602 59.5962
102 29.6705 7.25646
103 60.6667 7.25645
104 14.6921 67.0069
105 34.0691 58.0517
106 35.7166 43.5388
107 37.3641 29.0259
108 39.0115 14.5129
109 43.3598 60.0779
110 40.6755 62.3093
111 41.5946 60.9408
112 39.3036 61.6027
113 43.7803 58.8743
114 46.7092 59.4239
115 53.5823 56.8023
116 55.9383 53.1708
117 53.9674 55.7615
118 44.9876 61.6006
119 47.8327 62.0092
120 41.9815 62.1337
121 45.3706 67.6388
122 44.2176 68.2304
123 44.2919 68.0828
124 43.5503 68.712
125 42.7359 68.5603
126 45.0181 67.2294
127 42.3331 69.0504
128 44.6426 58.3445
129 42.1256 69.0987
130 45.013 66.5752
131 54.7887 55.3016
132 44.5266 67.7903
133 51.8341 63.9157
134 54.1698 56.05
135 51.7407 64.0282
136 52.7645 63.7218
137 52.5806 64.2019
138 46.2693 64.3354
139 44.0143 67.2855
140 43.0242 65.9359
141 45.2586 66.8405
142 42.7358 59.475
143 47.1588 61.1908
144 44.5185 67.918
145 54.8292 57.4257
146 42.842 61.1898
147 43.6106 63.9203
148 45.5604 65.5345
149 51.7509 64.3167
150 44.6321 66.1298
151 54.3742 53.6596
152 56.936 67.1891
153 43.3203 68.3631
154 44.893 67.0684
155 44.8445 66.8841
156 42.4957 65.2308
157 51.8187 61.1324
158 44.2952 68.1524
159 52.2597 61.6896
160 43.8034 58.6291
161 42.7848 58.5821
162 46.7992 55.7835
163 46.5081 55.7159
164 46.5155 55.7231
165 46.5155 55.7231
166 46.619 55.8241
167 46.6515 55.8679
168 46.7651 55.7543
169 46.3948 55.6144
170 46.4069 55.6259
171 46.4069 55.6259
172 46.565 55.7763
173 46.7119 55.816
174 46.6318 55.8583
175 47.3826 56.2765
176 41.6743 52.5879
177 45.7022 55.1641
178 45.8976 55.3179
179 46.5713 56.4665
180 46.529 55.7428
181 46.4739 55.6935
182 47.4897 56.8975
183 47.5272 56.9372
184 47.5388 56.9396
185 47.5346 56.9402
186 47.5304 56.9387
187 47.5377 56.9388
188 47.5339 56.9392
189 47.528 56.9392
190 47.5275 56.9393
191 47.5274 56.9393
192 47.5995 56.9425
193 47.6158 56.9427
194 47.61 56.9404
195 47.6205 56.9425
196 47.649 56.9289
197 47.7375 56.9536
198 47.6537 56.9372
199 47.9594 56.9588
200 47.8801 56.9531
201 48.3776 56.9776
202 48.779 57.0184
203 47.1951 57.035
204 47.6707 56.9568
205 47.5936 56.9436
206 47.6796 56.9415
207 47.7874 56.7256
208 47.5593 56.917
209 49.3676 56.9781
210 49.4409 56.9899
211 49.5199 56.9927
212 49.4717 56.99
213 49.4686 56.989
214 50.1829 57.0081
215 49.4897 56.9825
216 49.498 57.0063
217 47.4762 57.0045
218 48.3118 56.9597
219 50.7598 56.8473
220 50.9488 57.1187
221 49.2175 56.984
222 49.0394 56.9362
223 47.9561 56.957
224 48.5358 56.9356
225 48.1168 56.9536
226 48.2253 57.1787
227 48.8919 56.9799
228 48.7549 56.9741
229 49.1722 56.9666
230 48.5589 56.7801
231 50.6911 57.1202
232 48.4822 56.9533
233 48.294 56.9603
234 43.0031 58.5825
235 50.4557 55.5051
236 49.4033 55.4758
237 49.4058 55.4837
238 49.4058 55.4837
239 49.4403 55.5944
240 49.4522 55.6426
241 50.4557 55.4743
242 49.3374 55.3681
243 49.3423 55.3806
244 49.3423 55.3806
245 49.4072 55.5439
246 49.7377 55.5613
247 49.4988 55.6232
248 49.4353 56.1498
249 43.7155 52.4175
250 48.5241 54.9275
251 48.689 55.0861
252 48.6429 56.3325
253 49.4204 55.5035
254 49.3882 55.4512
255 48.7114 56.9005
256 48.6866 56.9491
257 48.6926 56.9531
258 48.689 56.9549
259 48.6877 56.9519
260 48.6928 56.9523
261 48.6894 56.952
262 48.6846 56.9516
263 48.6841 56.9515
264 48.6841 56.9515
265 48.7304 56.9568
266 48.7424 56.958
267 48.7383 56.9569
268 48.7579 56.9598
269 48.7934 56.96
270 48.8215 56.9934
271 48.776 56.952
272 48.9617 56.9829
273 48.9167 56.9772
274 49.2487 57.0009
275 49.4034 57.0384
276 48.3068 57.0439
277 48.7749 57.0106
278 48.7325 56.9602
279 48.7975 56.963
280 49.1723 56.6996
281 48.739 56.9273
282 50.4001 56.9962
283 50.393 57.0113
284 50.4349 57.0122
285 50.4252 57.0095
286 50.4237 57.0085
287 50.5457 57.0268
288 50.419 57.0025
289 50.4729 57.0245
290 48.5937 57.1306
291 49.2697 57.013
292 50.884 56.8641
293 51.0816 57.1312
294 50.3543 57.0022
295 50.2767 56.9592
296 48.9768 57.014
297 49.3148 56.9777
298 49.0838 56.9907
299 48.7274 57.185
300 49.7128 57.0052
301 49.6025 57.0155
302 50.4328 56.9915
303 49.7215 56.7614
304 50.8789 57.1318
305 49.4492 56.9861
306 49.2439 57.0065
307 45.0342 67.2243
308 44.3409 68.1002
309 44.1003 68.051
310 43.8195 68.2193
311 43.5912 67.7681
312 52.159 63.8022
313 52.1596 63.7785
314 52.1611 63.7383
315 52.1237 63.766
316 52.1235 63.7476
317 52.1346 62.639
318 44.2583 70.5064
319 44.3388 70.2794
320 44.2003 70.0781
321 43.5929 70.1878
322 43.0382 70.0661
323 52.4837 62.2971
324 52.4854 62.3515
325 52.4902 62.3466
326 52.4873 62.3601
327 52.4882 62.3322
328 44.7818 66.3907
329 52.5094 61.6042
330 51.7466 62.361
331 46.7588 67.0055
332 46.4802 67.4542
333 51.9794 62.6195
334 52.1177 63.5753
335 43.5253 69.3533
336 43.1573 69.2113
337 51.7506 63.161
338 51.7507 63.2672
339 51.751 63.2612
340 51.7508 63.2818
341 51.7508 63.227
342 40.0127 74.2356
343 43.1976 74.2762
344 52.0197 74.2374
345 53.662 74.3041
346 56.6793 74.3811
347 43.906 64.8306
348 46.0398 56.0202
349 45.9615 55.9724
350 41.7612 53.3697
351 45.9888 55.9801
352 46.5592 56.1627
353 46.5898 56.1681
354 46.6004 56.164
355 46.7709 56.1658
356 53.104 56.2326
357 53.276 56.2345
358 53.3096 56.2216
359 53.736 56.0225
360 54.417 55.7426
361 54.4564 55.7286
362 54.4577 55.5776
363 54.5794 55.3063
364 43.0027 57.9664
365 44.2999 58.0073
366 53.5716 56.2117
367 53.6616 55.9388
368 51.7087 56.1101
369 46.2524 55.7903
370 49.5548 57.4554
371 51.1498 57.4797
372 51.2292 57.4768
373 51.4077 57.435
374 51.2409 57.4767
375 51.4158 57.4303
376 51.4316 57.4208
377 51.5358 57.3716
378 53.3696 56.474
379 53.4745 56.4249
380 53.5044 56.4092
381 53.9274 56.2071
382 54.5595 55.8826
383 54.5963 55.8661
384 54.5956 55.7134
385 54.7151 55.44
386 44.2828 58.4873
387 44.2999 58.0592
388 53.6875 56.3142
389 53.8959 56.1603
390 52.5289 56.8713
391 51.3266 57.3797
392 52.5398 57.1996
393 52.5699 57.2004
394 52.6411 57.1647
395 52.5771 57.2046
396 52.5778 57.2084
397 52.5937 57.1278
398 52.5983 57.1232
399 52.7229 57.1009
400 52.8455 57.0845
401 52.8531 57.0826
402 52.8853 57.0366
403 52.5355 57.216
404 52.489 57.0858
405 52.2829 57.3363
406 52.5494 57.2655
407 52.602 57.3572
408 56.4973 57.9832
409 52.7341 57.1991
410 50.9147 57.0974
411 51.0815 57.1118
412 52.2974 56.9418
413 52.3814 56.9754
414 53.0127 59.1243
415 53.0274 59.0934
416 53.0663 59.0733
417 52.8932 59.268
418 52.8888 59.2635
419 53.2871 57.8361
420 47.0704 60.1825
421 58.3075 54.5172
422 58.4385 54.5513
423 58.4537 54.6536
424 58.4244 54.0446
425 61.1297 51.4861
426 58.3435 54.1346
427 58.1741 52.816
428 55.6689 55.0984
429 55.5485 52.7189
430 54.7987 51.5989
431 37.5 42.2128
432 58.3705 54.5786
433 58.495 54.6068
434 58.5097 54.7086
435 58.4746 54.0942
436 61.1673 51.5234
437 58.3973 54.1872
438 58.2142 52.8547
439 55.7846 55.212
440 55.636 52.8076
441 54.8177 51.614
442 37.5 42.2301
443 52.1011 57.101
444 47.6612 57.7398
445 52.0235 55.8505
446 52.7388 57.0719
447 52.1545 57.1186
448 47.6612 57.7264
449 52.0593 55.8551
450 52.7794 57.06
451 45.2186 58.9137
452 52.0271 57.9505
453 54.7956 56.2625
454 55.7162 55.9712
455 52.6404 59.4625
456 55.4577 65.0696
457 44.0448 58.7289
458 52.2138 62.0803
459 45.3818 62.5069
460 67.2574 67.9485
461 61.3554 57.4838
462 58.9974 55.5162
463 43.4141 60.412
464 54.2606 54.5906
465 31.5323 67.0685
466 63.9778 69.4557
467 43.671 58.7674
468 54.2155 57.7595
469 47.7465 56.8327
470 47.0159 57.4851
471 46.6025 58.1747
472 48.0344 57.6424
473 47.6328 57.6382
474 52.6699 57.0491
475 45.2064 57.8747
476 54.1187 56.8271
477 47.0511 57.7543
478 46.0174 58.1745
479 46.1084 58.0407
480 46.7994 57.793
481 46.2427 58.4155
482 45.8469 57.6238
483 54.1862 57.3066
484 47.2315 57.6945
485 51.0297 57.4655
486 45.2295 58.3319
487 52.4239 57.6742
488 42.8995 61.0192
489 46.9852 57.613
490 41.2238 57.7369
491 56.5607 56.0888
492 56.2146 56.7049
493 43.4317 58.6613
494 45.9101 57.9528
495 45.9515 57.9491
496 46.9201 57.7726
497 46.8605 57.7526
498 46.9179 57.739
499 46.922 57.7382
500 46.9095 57.7426
501 46.7685 57.7928
502 51.6525 57.755
503 44.5791 57.9368
504 58.049 56.0288
505 45.4752 59.1697
506 45.1967 58.3021
507 87.0575 76.7561
508 58.0895 54.9622
509 61.1726 57.2683
510 60.2326 53.0487
511 55.3513 55.4637
512 87.0797 58.0488
513 58.0937 55.4723
514 61.2391 55.1463
515 61.5446 52.1279
516 55.9238 54.5634
517 76.7158 41.9788
518 66.1643 49.0518
519 66.8438 46.8555
520 58.8676 53.7891
521 67.064 46.9571
522 58.0486 57.8436
523 62.7242 52.9323
524 63.03 53.9348
525 67.4424 47.1634
526 67.4807 57.5387
527 62.7249 54.4239
528 63.0308 54.7746
529 67.4435 56.6428
530 67.4817 55.5617
531 67.0641 47.1765
532 58.5279 43.6166
533 58.5761 43.4626
534 58.8495 43.59
535 59.1045 43.927
536 59.3953 43.9596
537 58.5655 43.5112
538 58.6939 43.4591
539 59.1055 43.4487
540 58.5266 43.5825
541 58.5489 43.4568
542 58.2551 44.3621
543 55.6176 51.36
544 55.6194 51.3536
545 55.6282 51.3577
546 55.6365 51.3686
547 55.6458 51.3696
548 55.6191 51.3551
549 55.6232 51.3535
550 55.6365 51.3531
551 55.6178 51.3574
552 55.6185 51.3534
553 55.609 51.3826
554 60.5445 42.6765
555 61.5874 42.6959
556 61.5875 43.7584
557 61.5874 44.4699
558 61.6178 45.0217
559 55.7764 51.084
560 55.8181 51.0848
561 55.8182 51.1274
562 55.8181 51.1559
563 55.8192 51.1781
564 44.3238 56.2
565 59.5454 44.2646
566 55.3416 49.194
567 44.35 56.8085
568 58.0124 44.7654
569 54.6655 52.7567
570 53.6082 57.4889
571 55.3483 51.6461
572 42.5568 56.1781
573 53.4054 54.46
574 53.4056 54.4587
575 53.4057 54.4587
576 53.4058 54.4587
577 53.8673 53.85
578 53.8754 53.8037
579 53.8756 53.8037
580 53.8759 53.804
581 53.4059 54.4587
582 53.4048 54.4607
583 53.4058 54.4588
584 53.406 54.4584
585 53.8762 53.804
586 53.8756 53.8037
587 53.8747 53.8055
588 53.876 53.8036
589 53.4061 54.4584
590 53.4056 54.4585
591 53.4058 54.4581
592 53.4062 54.4582
593 53.8757 53.8034
594 53.8759 53.8033
595 53.8751 53.8042
596 53.8795 53.7963
597 53.4065 54.4583
598 53.4062 54.4584
599 53.4062 54.4589
600 53.2135 54.6196
601 53.8809 53.7966
602 53.8811 53.7977
603 53.8808 53.7985
604 53.876 53.8036
605 53.1942 54.9678
606 53.6607 54.0082
607 53.8698 53.8113
608 42.1999 58.7285
609 53.1942 54.7194
610 53.2671 54.6761
611 53.2657 54.6759
612 53.2677 54.6759
613 53.2712 54.6761
614 53.2756 54.6761
615 53.236 54.7458
616 53.2728 54.6758
617 53.2795 54.6637
618 53.2854 54.6633
619 53.2655 54.6686
620 53.2692 54.6611
621 53.2789 54.6703
622 53.2891 54.673
623 53.2771 54.6756
624 53.282 54.6888
625 53.2452 54.7335
626 52.9071 55.372
627 45.6411 56.9418
628 54.8414 53.8328
629 54.8318 53.8628
630 54.8571 53.8605
631 54.8718 53.8498
632 54.8423 53.8677
633 54.7886 53.9632
634 54.8512 54.0047
635 54.8348 54.0044
636 54.8235 53.9902
637 54.8084 53.9871
638 54.8074 53.9908
639 54.2719 55.2665
640 54.4299 54.2965
641 54.9713 54.5887
642 29.5 26.3185
643 38.5 26.3165
644 55.5296 26.317
645 64.5938 26.3205
646 73.6762 26.3204
647 29.5 27.6072
648 53.1235 26.3148
649 60.2486 26.0906
650 73.8571 26.0838
651 34 26.182
652 38.5 26.046
653 60.2345 26.2167
654 78.4236 26.2667
655 78.2006 30.8129
656 78.2939 44.5558
657 78.0262 54.3366
658 56.038 52.637
659 55.9859 52.6329
660 56.0592 52.634
661 56.1876 52.6409
662 56.3524 52.6408
663 54.891 55.2143
664 56.2471 52.6297
665 56.4972 52.1813
666 56.7142 52.1676
667 55.9812 52.364
668 56.1135 52.092
669 56.469 52.4334
670 56.8473 52.5333
671 56.4012 52.6257
672 56.5879 53.1116
673 56.0523 53.6731
674 38.2039 64.6551
675 40.9827 65.0887
676 55.8485 53.4627
677 55.8535 53.4706
678 59.8081 43.3268
679 59.8178 43.3291
680 60.2162 43.3348
681 60.5794 43.9658
682 61.5942 43.302
683 60.4444 43.0092
684 59.9347 43.2939
685 60.5772 43.283
686 66.2923 52.3541
687 66.3645 52.8586
688 66.3687 53.44
689 66.3652 53.9115
690 58.9095 51.0034
691 61.0312 52.2065
692 56.2696 50.6915
693 56.3972 50.7976
694 56.9296 49.438
695 56.7621 49.4347
696 67.1547 49.2366
697 57.8249 49.7178
698 59.2432 45.5625
699 54.4868 53.2735
700 61.6784 47.3164
701 59.3638 51.9843
702 85.6249 38.4561
703 61.3245 53.6897
704 61.3713 53.8877
705 63.0032 52.3617
706 70.154 47.3156
707 66.3136 49.5076
708 65.7837 48.8454
709 57.6126 56.0973
710 57.6803 55.5822
711 63.2563 59.2108
712 63.1835 58.5648
713 65.1589 46.1398
714 59.5431 46.4628
715 60.0514 46.7419
716 59.5728 50.4502
717 59.786 50.6667
718 62.7871 46.8535
719 37.3794 73.343
720 36.9261 74.639
721 36.4069 74.4905
722 35.2468 75.079
723 35.7062 74.3673
724 35.3518 74.1862
725 35.3518 73.852
726 35.3518 73.5171
727 35.3518 73.1478
728 35.3518 72.8138
729 36.2396 71.1828
730 32.5857 72.4939
731 46.0309 57.9691
732 46.6717 58.0047
733 46.6943 58.006
734 46.7096 58.0068
735 46.7905 58.0111
736 46.8024 58.0117
737 46.7931 58.0112
738 46.7929 58.0112
739 46.7931 58.0112
740 46.8012 58.0117
741 46.7559 58.0092
742 45.4915 57.9388
743 46.1138 57.9748
744 46.5052 57.9958
745 44.0247 57.8642
746 29.4477 57.0922
747 40.3399 58.01
748 41.5041 58.3027
749 32.262 57.202
750 69.1242 48.1328
751 22.125 100
752 16.375 100
