1 59.3156 32.9324
2 58.2553 32.1187
3 57.7097 32.1069
4 57.2965 31.8661
5 56.9614 31.7448
6 56.8158 31.6826
7 56.7713 31.6497
8 47.575 31.6312
9 56.3416 31.6178
10 56.4352 31.6095
11 56.1707 31.613
12 55.6411 31.6087
13 47.2197 31.6026
14 46.9036 31.5946
15 46.6033 31.5857
16 46.2682 31.5799
17 58.5031 32.5479
18 57.9513 32.4193
19 57.517 32.1397
20 57.1725 31.9867
21 56.8699 31.9102
22 56.7388 31.8705
23 56.6043 31.8488
24 47.5702 31.8359
25 56.3855 31.8253
26 56.3876 31.8186
27 56.1012 31.8229
28 55.4186 31.8188
29 47.1218 31.8127
30 46.8648 31.8048
31 46.5746 31.7958
32 46.2653 31.7985
33 58.3045 32.932
34 57.838 32.5486
35 57.4581 32.3345
36 57.1378 32.2148
37 56.8431 32.1549
38 56.7036 32.1236
39 56.638 32.1062
40 47.5691 32.0954
41 56.3812 32.0859
42 56.3755 32.0796
43 56.0688 32.0842
44 55.3917 32.0803
45 47.1014 32.0743
46 46.8539 32.0664
47 46.5684 32.0568
48 46.264 32.057
49 58.3237 33.5373
50 57.8445 33.0685
51 57.4616 32.8356
52 57.1391 32.7064
53 56.8385 32.6418
54 56.7025 32.6081
55 56.6589 32.5895
56 47.5691 32.5781
57 56.3767 32.5683
58 56.3655 32.5618
59 56.0544 32.5664
60 55.4358 32.5625
61 47.1026 32.5565
62 46.8549 32.5486
63 46.5686 32.5413
64 46.2636 32.5349
65 58.3045 33.3816
66 57.8334 32.8845
67 57.4532 32.642
68 57.1301 32.508
69 56.8315 32.4409
70 56.7021 32.4059
71 56.6597 32.3867
72 47.5691 32.375
73 56.3662 32.3651
74 56.3524 32.3585
75 56.0425 32.3631
76 55.4183 32.3591
77 47.1024 32.3532
78 46.8548 32.3458
79 46.5684 32.3403
80 46.2623 32.3239
81 58.2684 33.1318
82 57.8106 32.6253
83 57.4362 32.3788
84 57.117 32.2428
85 56.8223 32.1747
86 56.6935 32.1392
87 56.6507 32.1197
88 47.569 32.1079
89 56.3531 32.0979
90 56.3393 32.0914
91 56.0208 32.096
92 55.3512 32.0921
93 47.1017 32.0863
94 46.8543 32.0799
95 46.5679 32.0737
96 46.2608 32.0527
97 58.2246 32.8666
98 57.7832 32.3563
99 57.4172 32.1081
100 57.1023 31.9711
101 56.8085 31.9025
102 56.6821 31.8668
103 56.6397 31.8472
104 47.5688 31.8354
105 56.3405 31.8256
106 56.3224 31.8191
107 56.0027 31.8237
108 55.3121 31.8199
109 47.1004 31.8146
110 46.853 31.8079
111 46.5671 31.8004
112 46.2588 31.7783
113 58.1731 32.5959
114 57.7495 32.0837
115 57.3906 31.8344
116 57.0765 31.6968
117 56.7894 31.628
118 56.6661 31.5922
119 56.6233 31.5728
120 47.5686 31.5611
121 56.3207 31.5514
122 56.301 31.545
123 55.9829 31.5497
124 55.229 31.546
125 47.0977 31.5405
126 46.8512 31.5332
127 46.566 31.5251
128 46.2549 31.5027
129 58.1167 32.3744
130 57.7067 31.8606
131 57.3472 31.6104
132 57.0481 31.4725
133 56.769 31.4036
134 56.6455 31.3681
135 56.6019 31.3489
136 47.5681 31.3376
137 56.2958 31.328
138 56.2735 31.3216
139 55.9473 31.3263
140 55.2199 31.3225
141 47.094 31.3166
142 46.8485 31.3089
143 46.5641 31.3004
144 46.248 31.2782
145 58.0373 32.0985
146 57.6207 31.5831
147 57.2936 31.3322
148 57.0123 31.1942
149 56.7327 31.1257
150 56.6092 31.0908
151 56.5635 31.0723
152 47.5042 31.0612
153 56.2553 31.0517
154 56.21 31.0453
155 55.8588 31.0497
156 55.2039 31.0455
157 47.0869 31.0392
158 46.842 31.0311
159 46.5588 31.0226
160 46.2349 31.0022
161 57.8665 31.5634
162 57.5187 31.0465
163 57.2308 30.7954
164 56.9476 30.6581
165 56.6679 30.5909
166 56.5459 30.5572
167 56.493 30.5393
168 47.4714 30.5285
169 56.178 30.5189
170 56.0902 30.5119
171 55.6896 30.5158
172 55.1763 30.5109
173 47.0769 30.5041
174 46.8331 30.4957
175 46.5522 30.4865
176 46.2147 30.4713
177 57.6914 31.3378
178 57.4293 30.8202
179 57.1349 30.5703
180 56.8502 30.4354
181 56.5736 30.3709
182 56.4562 30.3385
183 56.3707 30.3212
184 47.4456 30.3102
185 56.0565 30.2997
186 55.931 30.2915
187 55.6588 30.2943
188 55.1456 30.2885
189 47.0601 30.2811
190 46.8187 30.2721
191 46.5414 30.2602
192 46.179 30.2589
193 57.2954 30.5514
194 57.089 30.036
195 56.7881 29.7909
196 56.5069 29.6616
197 56.2351 29.5995
198 56.1216 29.5686
199 55.9767 29.5512
200 47.363 29.5387
201 55.7041 29.5257
202 55.696 29.5151
203 55.4238 29.5166
204 48.4638 29.5095
205 46.9815 29.5016
206 46.7435 29.4907
207 46.4714 29.4738
208 46.0636 29.4842
209 57.2286 30.3514
210 56.9257 29.8464
211 56.629 29.6132
212 56.3532 29.4884
213 56.0867 29.4296
214 55.9758 29.3989
215 55.9506 29.3785
216 47.3077 29.3618
217 55.6779 29.3433
218 55.6698 29.3275
219 55.3976 29.3296
220 48.4009 29.3219
221 46.9297 29.3122
222 46.6956 29.2935
223 46.4309 29.2639
224 45.9434 29.2843
225 57.0286 29.6482
226 56.7258 29.1743
227 56.429 28.9522
228 56.1532 28.8315
229 55.8868 28.7737
230 55.7759 28.7365
231 55.7507 28.7074
232 47.1491 28.6815
233 55.478 28.6486
234 55.4699 28.6216
235 48.509 28.6397
236 48.2404 28.6295
237 46.7759 28.604
238 46.547 28.5623
239 46.2895 28.5105
240 45.6743 28.5141
241 56.6511 29.2403
242 56.3483 28.8223
243 56.0515 28.6194
244 55.7757 28.4848
245 55.5092 28.4112
246 55.3983 28.3518
247 55.3732 28.2999
248 46.7623 28.2496
249 48.438 28.1705
250 48.285 28.1182
251 48.1072 28.2237
252 47.8493 28.1726
253 46.3963 28.0878
254 46.1739 27.9833
255 45.9019 27.879
256 45.1376 27.805
257 68.7046 37.6682
258 63.0633 37.5101
259 63.4237 35.9087
260 63.3411 35.7656
261 62.882 40.3931
262 60.0221 36.2392
263 60.2851 36.3505
264 60.2046 36.2464
265 59.6809 36.1669
266 58.3985 34.1189
267 58.5321 34.1418
268 58.4586 34.0507
269 58.128 34.027
270 57.5395 33.044
271 57.6133 33.0192
272 57.5429 32.9386
273 57.3545 32.9518
274 57.0351 32.5037
275 57.0865 32.4552
276 57.0685 32.3794
277 56.9451 32.4104
278 56.6274 32.2308
279 56.7705 32.1706
280 56.7813 32.097
281 54.4332 32.1365
282 54.9971 32.0918
283 55.3449 32.0257
284 53.1434 31.9532
285 53.832 31.9962
286 52.5507 32.0194
287 52.1276 31.9505
288 54.2415 31.8778
289 55.6816 31.923
290 56.0394 31.9802
291 56.0355 31.9095
292 56.0521 31.8375
293 55.9423 31.8875
294 56.0919 31.961
295 56.1406 31.889
296 56.0683 31.8205
297 55.7558 31.8702
298 55.6006 31.9542
299 55.8192 31.8824
300 55.6658 31.8111
301 52.7534 31.8583
302 49.7472 31.9463
303 52.724 31.8745
304 48.989 31.8024
305 48.0736 31.8486
306 47.5009 31.9383
307 47.5654 31.8666
308 47.4927 31.7938
309 47.2898 31.8395
310 47.0025 31.93
311 47.0523 31.8581
312 46.9652 31.785
313 46.7526 31.8304
314 46.5977 31.9138
315 46.6416 31.8466
316 46.5395 31.7747
317 74.083 58.2398
318 64.2094 42.354
319 66.392 45.5706
320 62.8682 39.3873
321 62.6201 38.9786
322 67.0581 46.9956
323 64.4072 42.3011
324 64.6896 45.1712
325 60.4038 37.5578
326 61.3626 39.1508
327 59.853 36.277
328 59.7456 36.0828
329 61.5914 39.632
330 60.504 37.5971
331 60.437 38.6321
332 58.5568 34.8623
333 58.9811 35.6371
334 58.3252 34.1899
335 58.2782 34.0933
336 59.0406 35.8404
337 58.6054 34.8642
338 58.4745 35.3493
339 57.6057 33.5015
340 57.8065 33.8671
341 57.5116 33.1329
342 57.4901 33.0851
343 57.8116 33.9342
344 57.6341 33.4846
345 57.4684 33.6991
346 57.0077 32.8174
347 57.1289 32.9773
348 56.9982 32.6017
349 56.9873 32.5784
350 57.1404 32.9756
351 57.0413 32.791
352 55.9513 32.8681
353 56.282 32.4721
354 56.2625 32.5286
355 56.4739 32.3333
356 56.4839 32.3223
357 55.5555 32.4922
358 56.3428 32.441
359 55.3259 32.4481
360 55.7087 32.2965
361 55.6185 32.3011
362 55.7453 32.1965
363 55.7547 32.1918
364 54.9556 32.247
365 55.694 32.2631
366 54.853 32.2346
367 52.4497 32.2061
368 52.9171 32.1844
369 51.9482 32.1255
370 51.8857 32.1239
371 54.3281 32.1212
372 52.4175 32.1715
373 55.206 32.1264
374 55.8931 32.1582
375 55.7557 32.1236
376 56.0262 32.0869
377 56.044 32.0868
378 55.6805 32.0573
379 55.8976 32.1229
380 55.5598 32.0713
381 55.9272 32.1334
382 55.8814 32.0923
383 56.0742 32.0669
384 56.0845 32.0676
385 55.7476 32.025
386 55.9644 32.0978
387 54.3272 32.0431
388 55.0705 32.1244
389 55.0069 32.0793
390 55.4477 32.0611
391 55.4696 32.0623
392 54.0504 32.0086
393 55.1823 32.0886
394 51.9375 32.0269
395 52.3166 32.1155
396 52.282 32.0689
397 52.5031 32.0534
398 52.5142 32.0548
399 49.3579 31.997
400 52.3709 32.0797
401 48.4702 32.0156
402 47.588 32.1074
403 47.7887 32.0601
404 47.4838 32.0457
405 47.4618 32.0472
406 47.7827 31.9875
407 47.6128 32.0715
408 47.4209 32.0064
409 47.0381 32.0996
410 47.1281 32.0518
411 47.001 32.0377
412 46.9915 32.0391
413 47.0705 31.9788
414 47.0526 32.0635
415 46.8026 31.9921
416 46.6087 32.1199
417 46.6628 32.0403
418 46.6071 32.0248
419 46.6026 32.0089
420 46.5589 31.9701
421 46.6327 32.0246
422 73.3676 60.7934
423 64.2795 44.3743
424 66.3353 47.8894
425 63.1736 41.8306
426 62.9467 41.4143
427 67.4456 50.113
428 64.5205 44.5593
429 64.3186 46.488
430 60.3944 38.3838
431 61.2883 40.1395
432 59.9338 37.185
433 59.8361 36.9802
434 61.7166 41.168
435 60.5062 38.5012
436 60.2957 39.3261
437 58.542 35.3266
438 58.9485 36.2007
439 58.3555 34.7559
440 58.312 34.6551
441 59.1041 36.6674
442 58.6008 35.3941
443 58.3398 35.7283
444 57.5558 33.784
445 57.7486 34.2167
446 57.5028 33.5278
447 57.4837 33.479
448 57.788 34.4038
449 57.596 33.8266
450 56.939 33.9183
451 56.8085 33.008
452 56.8699 33.2186
453 56.88 32.9102
454 56.8778 32.8876
455 56.5663 33.2648
456 56.8521 33.0381
457 56.2464 33.0063
458 56.3593 32.6162
459 56.3531 32.7152
460 56.4259 32.5982
461 56.4294 32.5888
462 55.9772 32.6902
463 56.3806 32.6401
464 55.7874 32.5455
465 56.0124 32.4173
466 55.981 32.4601
467 56.0934 32.4395
468 56.0996 32.4367
469 55.5509 32.3991
470 56.031 32.438
471 54.6071 32.3122
472 52.3206 32.3155
473 52.7696 32.33
474 51.8553 32.3577
475 51.7961 32.3583
476 54.0446 32.2514
477 52.2954 32.3346
478 54.9843 32.1934
479 55.7454 32.2618
480 55.6009 32.2622
481 55.914 32.3137
482 55.9339 32.3159
483 55.4298 32.1755
484 55.76 32.28
485 54.8867 32.1326
486 55.602 32.2337
487 55.5023 32.2271
488 55.8592 32.2905
489 55.879 32.2936
490 54.9387 32.1365
491 55.6611 32.2515
492 53.8758 32.1024
493 54.7753 32.2236
494 54.6705 32.2127
495 55.1555 32.2835
496 55.1811 32.2871
497 53.5295 32.1176
498 54.8756 32.2411
499 51.9805 32.0859
500 52.5827 32.2144
501 52.6674 32.2019
502 53.2617 32.2754
503 53.2839 32.2792
504 49.4901 32.1053
505 52.8447 32.2318
506 48.3619 32.075
507 47.5912 32.2067
508 47.7675 32.1934
509 47.5027 32.2679
510 47.4836 32.2717
511 47.7914 32.0961
512 47.6141 32.2239
513 47.4315 32.0651
514 47.0499 32.2021
515 47.1409 32.1866
516 47.0162 32.2612
517 47.0069 32.2651
518 47.0947 32.0864
519 47.0659 32.2179
520 46.7971 32.0995
521 46.6096 32.2366
522 46.6603 32.2154
523 46.6096 32.2801
524 46.6052 32.2839
525 46.5569 32.131
526 46.625 32.2453
527 71.6025 61.5142
528 63.7246 44.9562
529 65.5428 48.5828
530 62.8651 42.6151
531 62.6696 42.198
532 66.5485 50.9861
533 63.979 45.2457
534 63.6072 46.8331
535 60.1304 38.5814
536 60.9444 40.4053
537 59.7827 37.4601
538 59.6968 37.2527
539 61.3444 41.5802
540 60.2572 38.7465
541 59.8432 39.4658
542 58.3688 35.3742
543 58.7261 36.293
544 58.2545 34.8578
545 58.2184 34.7554
546 58.8506 36.8561
547 58.4378 35.4742
548 57.9009 35.7616
549 57.3802 33.7552
550 57.5253 34.2204
551 57.3918 33.542
552 57.3797 33.4923
553 57.4067 34.4784
554 57.4284 33.8226
555 56.9271 33.8968
556 56.7723 32.9402
557 56.8273 33.1771
558 56.8083 32.88
559 56.8051 32.8567
560 56.6486 33.2811
561 56.8016 32.9914
562 56.365 32.9566
563 56.4089 32.5287
564 56.4206 32.6506
565 56.4737 32.5454
566 56.4754 32.5355
567 56.1871 32.6769
568 56.435 32.5716
569 55.611 32.4819
570 55.9942 32.3201
571 55.9509 32.384
572 56.1598 32.3754
573 56.1708 32.3723
574 55.4041 32.3714
575 56.0386 32.3588
576 54.4475 32.2417
577 52.2185 32.2136
578 52.6582 32.2484
579 51.7705 32.2883
580 51.7127 32.2885
581 53.8834 32.2162
582 52.1965 32.2502
583 54.6375 32.1197
584 55.5598 32.1577
585 55.3896 32.178
586 55.7774 32.2416
587 55.8016 32.2435
588 55.028 32.1367
589 55.5837 32.1931
590 54.6086 32.0584
591 55.414 32.129
592 55.2916 32.142
593 55.676 32.2172
594 55.6981 32.2199
595 54.6328 32.0966
596 55.4679 32.1636
597 53.7825 32.0288
598 54.5949 32.1189
599 54.5211 32.1277
600 54.9954 32.2099
601 55.0192 32.2131
602 53.4527 32.0778
603 54.7118 32.1532
604 49.532 32.0132
605 51.9934 32.1101
606 51.8144 32.1174
607 52.9815 32.2019
608 53.04 32.2053
609 49.298 32.0661
610 52.2826 32.1443
611 48.3357 32.003
612 47.5835 32.1042
613 47.7562 32.11
614 47.499 32.1953
615 47.4803 32.1987
616 47.7835 32.0574
617 47.6066 32.1377
618 47.4178 32.0169
619 47.0453 32.1151
620 47.1357 32.1184
621 47.0169 32.197
622 47.0078 32.2003
623 47.0867 32.0772
624 47.0629 32.1446
625 46.7854 32.2089
626 46.6045 32.2014
627 46.6544 32.2212
628 46.6071 32.2501
629 46.6029 32.2505
630 46.5512 32.3151
631 46.6206 32.2243
632 69.9374 61.6767
633 62.9979 45.0212
634 64.6281 48.6968
635 62.3191 42.7422
636 62.1478 42.3235
637 65.5142 51.177
638 63.2579 45.3472
639 62.5861 46.844
640 59.7109 38.5123
641 60.4042 40.3673
642 59.4788 37.4171
643 59.4084 37.2082
644 60.7134 41.6074
645 59.8412 38.6959
646 59.2247 39.3918
647 58.1008 35.2436
648 58.3902 36.1836
649 58.0606 34.7433
650 58.0337 34.6398
651 58.4088 36.799
652 58.1749 35.3557
653 57.6434 35.6424
654 57.2389 33.5925
655 57.3595 34.0736
656 57.2693 33.3907
657 57.2602 33.3401
658 57.2698 34.3772
659 57.2862 33.6688
660 56.8073 33.7531
661 56.6952 32.7609
662 56.7487 33.0107
663 56.7587 32.7097
664 56.7568 32.6857
665 56.6225 33.1569
666 56.7335 32.8191
667 56.0881 32.8005
668 56.3155 32.3412
669 56.2964 32.4744
670 56.4319 32.3656
671 56.4387 32.3551
672 56.0049 32.5412
673 56.3502 32.3902
674 55.4433 32.3202
675 55.9139 32.129
676 55.8584 32.2034
677 56.111 32.1911
678 56.1244 32.1874
679 55.2682 32.2303
680 55.9656 32.1732
681 54.2289 32.0783
682 52.0957 32.0214
683 52.5219 32.0662
684 51.6815 32.1021
685 51.6264 32.1017
686 53.654 32.0731
687 52.0813 32.0631
688 54.4245 31.9571
689 55.4217 31.9657
690 55.2374 31.9959
691 55.6561 32.0549
692 55.6823 32.0562
693 54.8183 31.9937
694 55.4471 32.0059
695 54.4563 31.8978
696 55.2671 31.9377
697 55.1525 31.9608
698 55.5544 32.0307
699 55.5769 32.0328
700 54.502 31.9548
701 55.3322 31.9771
702 52.8153 31.8703
703 54.1619 31.9283
704 53.9986 31.9475
705 54.7131 32.0239
706 54.7513 32.0264
707 52.3257 31.9373
708 54.3039 31.9674
709 49.4799 31.8558
710 49.8663 31.9207
711 49.8365 31.9381
712 51.877 32.0166
713 51.9586 32.0192
714 49.2273 31.9265
715 50.6529 31.9593
716 48.3057 31.8573
717 47.5671 31.922
718 47.7383 31.938
719 47.4885 32.014
720 47.4702 32.0166
721 47.7635 31.9321
722 47.5918 31.9589
723 47.3895 31.9388
724 47.0302 31.9567
725 47.1193 31.9799
726 47.0079 32.0336
727 46.9992 32.0349
728 47.0684 32.0348
729 47.0495 31.9905
730 46.7554 31.9953
731 46.5938 31.9947
732 46.6396 32.0237
733 46.5996 32.0738
734 46.5958 32.0748
735 46.5371 32.1046
736 46.6097 32.031
737 67.8056 61.6469
738 62.1006 44.9078
739 63.4723 48.6106
740 61.6289 42.6413
741 61.4892 42.2207
742 64.1641 51.1329
743 62.354 45.2464
744 61.4593 46.7281
745 59.2083 38.3399
746 59.775 40.2122
747 59.0922 37.2501
748 59.0378 37.0399
749 59.9641 41.4866
750 59.3404 38.5307
751 58.635 39.2273
752 57.7987 35.0408
753 58.0359 35.9925
754 57.8285 34.5441
755 57.8092 34.4397
756 58.0257 36.6368
757 57.8812 35.1577
758 57.2702 35.4495
759 57.0131 33.3733
760 57.1203 33.8625
761 57.1162 33.1743
762 57.1114 33.1231
763 57.0302 34.192
764 57.0816 33.4529
765 56.2523 33.5454
766 56.4878 32.5335
767 56.4721 32.7894
768 56.6194 32.4844
769 56.6265 32.46
770 56.2761 32.9598
771 56.5288 32.5943
772 55.8237 32.5864
773 56.1889 32.1106
774 56.1444 32.2487
775 56.3379 32.1364
776 56.3482 32.1255
777 55.8186 32.3391
778 56.2272 32.1616
779 55.243 32.1051
780 55.7931 31.8982
781 55.7295 31.977
782 56.0269 31.9608
783 56.0426 31.9566
784 55.0883 32.0272
785 55.8551 31.9439
786 53.9992 31.8659
787 51.9539 31.792
788 52.3705 31.8412
789 51.5788 31.8721
790 51.5262 31.8713
791 53.4592 31.8717
792 51.9502 31.8349
793 54.2027 31.7494
794 55.2669 31.7384
795 55.079 31.7734
796 55.5411 31.8261
797 55.5694 31.8269
798 54.642 31.7952
799 55.3051 31.7795
800 53.8663 31.6945
801 54.9755 31.7119
802 54.8158 31.7404
803 55.3605 31.803
804 55.3912 31.8045
805 53.8857 31.7589
806 55.0608 31.7523
807 52.6023 31.6688
808 53.9697 31.7035
809 53.7935 31.7282
810 54.5012 31.7969
811 54.5396 31.7988
812 52.1907 31.7427
813 54.101 31.7435
814 49.4449 31.6604
815 49.7415 31.6992
816 49.7546 31.7224
817 51.328 31.7916
818 51.328 31.7936
819 49.164 31.739
820 49.832 31.7384
821 48.2501 31.6904
822 47.534 31.7104
823 47.7035 31.7364
824 47.4674 31.7966
825 47.4498 31.7981
826 47.7245 31.7799
827 47.5624 31.7483
828 47.3144 31.7133
829 47.0003 31.7241
830 47.0805 31.7529
831 46.9872 31.811
832 46.9797 31.8123
833 47.0234 31.8109
834 47.0202 31.7631
835 46.7222 31.7372
836 46.5795 31.7394
837 46.6215 31.7707
838 46.5889 31.8268
839 46.5856 31.8279
840 46.5208 31.8431
841 46.5955 31.7793
842 65.6054 61.5467
843 61.1171 44.7353
844 62.2349 48.4553
845 60.8521 42.4624
846 60.7433 42.0401
847 62.7273 51.0034
848 61.3651 45.0769
849 60.2897 46.5594
850 58.6161 38.1297
851 59.079 40.0117
852 58.6437 37.0356
853 58.6046 36.8244
854 59.1803 41.3055
855 58.7666 38.3219
856 57.8955 39.0153
857 57.3281 34.8091
858 57.5483 35.7652
859 57.5108 34.3099
860 57.4996 34.2051
861 57.4979 36.4246
862 57.4587 34.9265
863 56.1102 35.2138
864 56.582 33.1307
865 56.5371 33.6211
866 56.8091 32.9298
867 56.8228 32.8784
868 56.3148 33.9633
869 56.6473 33.21
870 55.7631 33.2998
871 56.2601 32.2871
872 56.1908 32.5423
873 56.4389 32.2355
874 56.4527 32.211
875 55.9489 32.7244
876 56.3012 32.3468
877 55.5608 32.3397
878 56.018 31.8649
879 55.9667 32.0014
880 56.2165 31.8868
881 56.2296 31.8759
882 55.6072 32.1032
883 56.0714 31.9141
884 54.9061 31.8642
885 55.6023 31.6561
886 55.5205 31.7331
887 55.8947 31.7129
888 55.9145 31.7087
889 54.8359 31.7954
890 55.6791 31.6993
891 53.6512 31.6346
892 51.701 31.5545
893 52.1265 31.6026
894 51.4208 31.627
895 51.3716 31.626
896 53.185 31.6462
897 51.733 31.5944
898 53.6497 31.5276
899 54.9794 31.5042
900 54.7541 31.5395
901 55.3481 31.5835
902 55.3837 31.5839
903 54.1652 31.5754
904 55.0391 31.5425
905 53.4463 31.4761
906 54.6951 31.4791
907 54.5194 31.5084
908 55.1401 31.5616
909 55.1747 31.5627
910 53.5812 31.5413
911 54.7964 31.5167
912 52.2868 31.4544
913 53.6783 31.4722
914 53.5325 31.4982
915 54.3109 31.5566
916 54.3511 31.558
917 51.9884 31.529
918 53.854 31.5095
919 49.3744 31.4573
920 49.5506 31.4712
921 49.5636 31.4977
922 49.717 31.5542
923 49.7231 31.5555
924 49.0583 31.5396
925 49.6124 31.5081
926 48.0886 31.4595
927 47.4697 31.4717
928 47.6201 31.4992
929 47.4228 31.5561
930 47.4077 31.5574
931 47.6242 31.5482
932 47.4991 31.5094
933 47.2349 31.4623
934 46.9619 31.4728
935 47.0346 31.5012
936 46.9588 31.5585
937 46.9523 31.5597
938 46.973 31.5575
939 46.9829 31.5113
940 46.6764 31.4732
941 46.5575 31.4787
942 46.5955 31.5081
943 46.5733 31.5634
944 46.5707 31.5645
945 46.4976 31.5767
946 46.5746 31.5171
947 63.3478 61.4172
948 59.9821 44.5299
949 60.895 48.2739
950 59.9882 42.2664
951 59.9091 41.8424
952 61.2065 50.8355
953 60.2621 44.8821
954 58.973 46.3518
955 57.695 37.8888
956 58.1639 39.7854
957 58.0324 36.8102
958 58.0063 36.5984
959 58.1878 41.0853
960 57.955 38.0909
961 55.4471 38.7637
962 56.4422 34.5498
963 56.3313 35.5145
964 56.8765 34.0685
965 56.905 33.9637
966 55.9998 36.1758
967 56.5595 34.676
968 55.1601 34.9432
969 56.1522 32.8648
970 55.9952 33.3604
971 56.4579 32.6816
972 56.4848 32.6305
973 55.6918 33.7026
974 56.2107 32.9519
975 55.3567 33.0261
976 55.974 32.023
977 55.9022 32.2812
978 56.2351 31.9867
979 56.2527 31.9627
980 55.6305 32.4629
981 56.043 32.0889
982 54.9783 32.0769
983 55.7045 31.6081
984 55.6183 31.7472
985 56.0069 31.6418
986 56.0275 31.6311
987 55.1963 31.8497
988 55.7834 31.6622
989 54.3262 31.6203
990 55.2695 31.4086
991 55.1611 31.4897
992 55.6722 31.4737
993 55.6991 31.4695
994 54.4156 31.5545
995 55.3766 31.4559
996 52.9212 31.4111
997 51.0546 31.3142
998 51.5606 31.3692
999 51.0571 31.3932
1000 51.0132 31.3919
1001 52.5419 31.4176
1002 51.2095 31.3584
1003 52.8902 31.3107
1004 54.5779 31.2667
1005 54.2972 31.3098
1006 55.0603 31.3521
1007 55.1057 31.3521
1008 53.6381 31.3512
1009 54.6603 31.3095
1010 52.8255 31.2641
1011 54.1512 31.2426
1012 54.0317 31.2808
1013 54.8073 31.3313
1014 54.8462 31.3318
1015 53.0878 31.3204
1016 54.343 31.2851
1017 51.0614 31.2458
1018 52.8566 31.2354
1019 52.7254 31.2715
1020 53.8287 31.3268
1021 53.8824 31.3276
1022 51.306 31.3128
1023 53.1548 31.2782
1024 49.0418 31.231
1025 49.397 31.2265
1026 49.3693 31.2622
1027 49.5845 31.3211
1028 49.5951 31.3221
1029 48.8425 31.3056
1030 49.4538 31.2703
1031 47.9271 31.2166
1032 47.39 31.2177
1033 47.5256 31.253
1034 47.3634 31.3154
1035 47.3504 31.3165
1036 47.5173 31.2989
1037 47.422 31.2624
1038 47.1276 31.2062
1039 46.9037 31.2109
1040 46.9697 31.2459
1041 46.9184 31.3103
1042 46.9133 31.3115
1043 46.9026 31.2968
1044 46.9289 31.2561
1045 46.5904 31.2061
1046 46.5181 31.2118
1047 46.5479 31.246
1048 46.5462 31.3099
1049 46.5449 31.3112
1050 46.4545 31.3069
1051 46.537 31.2563
1052 61.1664 61.2527
1053 58.2153 44.2561
1054 59.2409 48.0388
1055 58.8379 42.0177
1056 58.7757 41.5915
1057 59.4516 50.6202
1058 58.744 44.6288
1059 53.7662 46.0999
1060 55.8705 37.5794
1061 55.6146 39.503
1062 56.73 36.5322
1063 56.7896 36.3194
1064 55.0279 40.8143
1065 56.0916 37.8006
1066 53.5677 38.4723
1067 55.6204 34.2269
1068 55.2706 35.2118
1069 56.1841 33.7776
1070 56.2391 33.6724
1071 54.7827 35.8808
1072 55.71 34.3704
1073 54.5154 34.6423
1074 55.6514 32.5443
1075 55.5063 33.0554
1076 56.0965 32.3891
1077 56.1285 32.3379
1078 55.1745 33.4042
1079 55.7621 32.6458
1080 54.2819 32.744
1081 55.4069 31.7164
1082 55.2682 31.989
1083 55.8614 31.7013
1084 55.8932 31.677
1085 54.889 32.1791
1086 55.5228 31.7941
1087 53.933 31.8319
1088 55.1505 31.3205
1089 54.9968 31.4763
1090 55.6324 31.3682
1091 55.6667 31.3567
1092 54.4699 31.5909
1093 55.2713 31.3845
1094 53.2501 31.4188
1095 54.6405 31.1363
1096 54.4906 31.2401
1097 55.261 31.2115
1098 55.301 31.2057
1099 53.6039 31.3221
1100 54.8107 31.194
1101 51.5795 31.2227
1102 48.9624 31.0479
1103 49.2241 31.1274
1104 48.9102 31.1361
1105 48.8851 31.1331
1106 51.4899 31.1937
1107 49.0239 31.1028
1108 51.8591 31.1321
1109 53.9007 31.002
1110 53.6083 31.0719
1111 54.6138 31.0971
1112 54.6702 31.0952
1113 52.8618 31.1327
1114 54.0598 31.0564
1115 49.7903 31.0855
1116 52.7653 30.9745
1117 52.4424 31.0413
1118 53.9316 31.0752
1119 54.0104 31.0738
1120 51.2756 31.1019
1121 53.0727 31.0299
1122 49.4212 31.0484
1123 50.896 30.9579
1124 49.8553 31.0217
1125 52.4761 31.0657
1126 52.6228 31.0649
1127 49.4877 31.0791
1128 51.1729 31.0148
1129 48.7281 31.013
1130 49.2334 30.9381
1131 49.1792 31
1132 49.4597 31.0523
1133 49.4742 31.0519
1134 48.6296 31.0559
1135 49.2956 30.9967
1136 47.7173 30.9798
1137 47.2719 30.9195
1138 47.3957 30.9794
1139 47.2809 31.039
1140 47.2706 31.0389
1141 47.3723 31.0352
1142 47.3127 30.9793
1143 46.9235 30.9534
1144 46.7995 30.9054
1145 46.8507 30.963
1146 46.8478 31.0278
1147 46.8455 31.0281
1148 46.7711 31.0217
1149 46.8319 30.9655
1150 46.4354 30.9624
1151 46.4491 30.9049
1152 46.4631 30.9646
1153 46.4978 31.026
1154 46.4987 31.0261
1155 46.3775 31.0485
1156 46.4703 30.9652
1157 50 61.0522
1158 54.4581 43.9472
1159 53.8748 47.7424
1160 56.1662 41.6626
1161 56.2912 41.2333
1162 52.7414 50.3665
1163 54.8747 44.3076
1164 50 45.8159
1165 54.3081 37.2412
1166 53.5271 39.1636
1167 55.363 36.1504
1168 55.4768 35.9358
1169 52.6253 40.5098
1170 54.4373 37.4469
1171 52.5856 38.1613
1172 54.7603 33.8902
1173 54.4591 34.8638
1174 55.5478 33.3909
1175 55.6083 33.2845
1176 53.9538 35.5646
1177 54.9425 34.0128
1178 52.481 34.3619
1179 54.6159 32.2334
1180 54.3301 32.7297
1181 55.4161 32.0151
1182 55.4757 31.9624
1183 53.7929 33.1131
1184 54.8072 32.3085
1185 52.321 32.5352
1186 54.3995 31.4436
1187 54.1209 31.7051
1188 55.1778 31.3506
1189 55.2359 31.3238
1190 53.5512 31.9369
1191 54.5854 31.4908
1192 52.0648 31.7159
1193 54.1944 31.0799
1194 53.9041 31.2379
1195 54.9784 31.0412
1196 55.0377 31.0258
1197 53.1698 31.4049
1198 54.3788 31.1145
1199 51.3915 31.3283
1200 53.4067 30.9085
1201 53.2521 31.0173
1202 54.4781 30.8953
1203 54.5381 30.8853
1204 52.1259 31.1532
1205 53.7323 30.9371
1206 49.2811 31.1547
1207 48.4105 30.8249
1208 48.6266 30.9142
1209 48.3572 30.825
1210 48.3361 30.8172
1211 49.2305 31.0372
1212 48.4577 30.8521
1213 49.2661 31.0645
1214 52.3913 30.7722
1215 52.2251 30.8555
1216 53.7097 30.7838
1217 53.7814 30.777
1218 49.6855 30.9741
1219 52.7993 30.8016
1220 49.2455 30.9885
1221 49.7598 30.7283
1222 49.7513 30.8076
1223 52.2631 30.7527
1224 52.3615 30.7468
1225 49.4755 30.9217
1226 50.7872 30.7609
1227 48.8844 30.9174
1228 49.4486 30.6947
1229 49.3946 30.7685
1230 49.719 30.7318
1231 49.7355 30.727
1232 49.0204 30.875
1233 49.5262 30.7301
1234 48.3468 30.8491
1235 48.9676 30.6587
1236 48.9167 30.7278
1237 49.2886 30.7069
1238 49.307 30.703
1239 48.3439 30.8292
1240 49.0638 30.6965
1241 47.3085 30.7868
1242 47.058 30.6275
1243 47.155 30.6913
1244 47.138 30.6841
1245 47.133 30.681
1246 47.0967 30.7893
1247 47.1153 30.6666
1248 46.553 30.7484
1249 46.6172 30.6064
1250 46.6386 30.667
1251 46.7235 30.6673
1252 46.7262 30.6647
1253 46.5352 30.7724
1254 46.6606 30.646
1255 46.1856 30.7362
1256 46.3314 30.579
1257 46.3228 30.6486
1258 46.4161 30.6533
1259 46.4205 30.6505
1260 46.2506 30.7725
1261 46.3582 30.626
1262 50 60.8421
1263 51.4955 43.6176
1264 50 47.4604
1265 53.5203 41.3749
1266 53.7384 40.9433
1267 50 50.0919
1268 51.7446 44.0071
1269 49.9081 45.5344
1270 52.7888 36.9084
1271 52.5932 38.856
1272 54.3217 35.8487
1273 54.4053 35.6333
1274 49.9694 40.2014
1275 53.2625 37.1326
1276 49.2267 37.9253
1277 52.783 33.6048
1278 52.6062 34.5938
1279 54.3631 33.111
1280 54.4472 33.0036
1281 49.7422 35.2973
1282 53.2788 33.7341
1283 49.2455 34.2619
1284 52.6786 32.0234
1285 52.5102 32.5405
1286 54.2042 31.7804
1287 54.2852 31.7249
1288 49.7485 32.9402
1289 53.158 32.0963
1290 49.249 32.6341
1291 52.5643 31.3012
1292 52.4027 31.6124
1293 54.0238 31.1655
1294 54.1013 31.1326
1295 49.7497 31.8837
1296 53.0228 31.3487
1297 49.3459 31.8631
1298 52.4966 30.9643
1299 52.336 31.1763
1300 53.9085 30.8787
1301 53.9838 30.8565
1302 49.782 31.3852
1303 52.9388 30.999
1304 49.091 31.5274
1305 51.0051 30.8057
1306 49.7728 30.9787
1307 52.7779 30.7447
1308 52.9423 30.727
1309 49.4574 31.1626
1310 51.3158 30.8371
1311 48.353 31.3614
1312 47.8853 30.7118
1313 48.031 30.8731
1314 47.9379 30.6722
1315 47.9275 30.6564
1316 48.5015 31.0459
1317 47.9479 30.7471
1318 48.4994 31.2193
1319 49.4958 30.6285
1320 49.4074 30.783
1321 52.112 30.6138
1322 52.112 30.5997
1323 49.0802 30.9454
1324 49.6344 30.6704
1325 48.4346 31.0811
1326 49.2146 30.5494
1327 49.1203 30.6973
1328 49.5347 30.5604
1329 49.5568 30.5481
1330 48.8445 30.8493
1331 49.2972 30.5982
1332 48.2253 30.947
1333 49.0202 30.4892
1334 48.9294 30.6245
1335 49.3609 30.5205
1336 49.3836 30.5101
1337 48.5308 30.7618
1338 49.1111 30.5413
1339 47.6226 30.8213
1340 48.3037 30.429
1341 48.3423 30.553
1342 48.915 30.478
1343 48.9382 30.4693
1344 47.7449 30.679
1345 48.5281 30.4838
1346 46.5592 30.7218
1347 46.6777 30.3842
1348 46.72 30.4973
1349 46.8816 30.4439
1350 46.8867 30.4367
1351 46.5967 30.6181
1352 46.7615 30.4394
1353 45.967 30.6733
1354 46.3052 30.3438
1355 46.2894 30.4597
1356 46.5128 30.4171
1357 46.5232 30.4102
1358 46.1526 30.5844
1359 46.3726 30.4046
1360 45.7573 30.5336
1361 46.1141 30.2298
1362 46.0746 30.3572
1363 46.2705 30.3537
1364 46.2807 30.348
1365 46.0287 30.4115
1366 46.1565 30.3117
1367 49.8393 60.625
1368 49.4478 43.3261
1369 49.7174 47.1369
1370 49.8609 40.9405
1371 51.4652 40.5054
1372 49.7317 49.8285
1373 49.7217 43.6562
1374 47.6974 45.3715
1375 49.1575 36.7086
1376 49.0657 38.5946
1377 52.4695 35.4526
1378 52.4695 35.234
1379 48.6939 40.0018
1380 49.4077 36.8458
1381 47.7515 38.0153
1382 49.1852 33.5582
1383 49.0905 34.4892
1384 52.3928 32.8039
1385 52.3928 32.6902
1386 48.7274 35.2785
1387 49.4252 33.5792
1388 47.7498 34.7817
1389 49.2378 32.1147
1390 49.1092 32.6396
1391 52.2964 31.5753
1392 52.2964 31.5062
1393 48.7455 33.1768
1394 49.449 32.0869
1395 48.0473 33.2416
1396 49.3073 31.4475
1397 49.2155 31.7721
1398 52.1998 31.0064
1399 52.1998 30.959
1400 48.9002 32.1841
1401 49.5076 31.3929
1402 48.1144 32.5883
1403 49.2827 31.1419
1404 49.2249 31.3891
1405 52.1546 30.7466
1406 52.1546 30.708
1407 48.8294 31.7525
1408 49.5026 31.0797
1409 47.6781 32.2853
1410 48.8347 30.9683
1411 48.731 31.1949
1412 49.4084 30.6124
1413 49.4424 30.5773
1414 48.2886 31.5384
1415 49.0027 30.9135
1416 47.1532 32.0247
1417 47.1787 30.8206
1418 47.2612 31.0332
1419 47.4238 30.5101
1420 47.4273 30.4781
1421 47.6104 31.3549
1422 47.289 30.7773
1423 47.2314 31.7693
1424 48.6104 30.6657
1425 48.4359 30.8704
1426 49.155 30.4081
1427 49.1938 30.3791
1428 48.0921 31.172
1429 48.7467 30.6384
1430 47.2969 31.5093
1431 48.5463 30.5148
1432 48.3943 30.7089
1433 49.0565 30.3091
1434 49.0919 30.2833
1435 48.0229 30.9904
1436 48.6775 30.5023
1437 47.056 31.2532
1438 48.3043 30.4289
1439 48.1819 30.5845
1440 48.8948 30.244
1441 48.9311 30.2225
1442 47.661 30.8345
1443 48.4724 30.412
1444 46.2438 31.043
1445 47.2447 30.3422
1446 47.1813 30.4724
1447 47.8135 30.1791
1448 47.8438 30.1607
1449 46.6826 30.7024
1450 47.4233 30.3251
1451 45.4031 30.9507
1452 46.0431 30.2822
1453 46.0143 30.4096
1454 46.439 30.1357
1455 46.4587 30.1182
1456 45.8044 30.6354
1457 46.1721 30.27
1458 44.974 30.8952
1459 45.7518 30.1689
1460 45.6798 30.331
1461 46.1314 30.0745
1462 46.1542 30.0563
1463 45.4943 30.5325
1464 45.8619 30.1854
1465 44.9848 30.5906
1466 45.6998 29.9135
1467 45.6099 30.0996
1468 45.9839 29.9213
1469 46.0041 29.9054
1470 45.6212 30.2544
1471 45.7713 29.9728
1472 44.8608 60.5616
1473 47.3621 43.3896
1474 47.1058 47.1008
1475 48.5151 40.8249
1476 48.5876 40.3906
1477 46.6401 49.7742
1478 47.6852 43.627
1479 44.9985 45.7512
1480 47.3368 37.1209
1481 47.1041 38.8748
1482 48.4335 35.5268
1483 48.5015 35.305
1484 46.6956 40.2958
1485 47.6474 37.1002
1486 44.9273 39.3284
1487 47.4768 34.2779
1488 47.1567 35.2148
1489 48.4906 33.0997
1490 48.5625 32.967
1491 46.718 36.1293
1492 47.732 34.1532
1493 45.6342 36.2507
1494 47.7407 32.9224
1495 47.5025 33.4698
1496 48.6504 31.954
1497 48.7107 31.8643
1498 47.1408 34.1382
1499 47.9846 32.7522
1500 46.08 34.9754
1501 47.8461 32.3276
1502 47.6934 32.7223
1503 48.7377 31.4454
1504 48.7898 31.3727
1505 47.3468 33.2971
1506 48.1098 32.1409
1507 45.9058 34.4279
1508 47.7518 31.9986
1509 47.5923 32.3618
1510 48.6839 31.192
1511 48.7383 31.1253
1512 47.1119 32.9039
1513 48.0275 31.8286
1514 45.6257 33.9512
1515 47.5297 31.7192
1516 47.3527 32.0614
1517 48.4571 31.0014
1518 48.5129 30.9404
1519 46.7695 32.565
1520 47.7984 31.5737
1521 45.1058 33.488
1522 45.9292 31.4481
1523 45.9532 31.7721
1524 46.6059 30.823
1525 46.6332 30.7676
1526 46.0888 32.2352
1527 46.1719 31.3293
1528 45.2242 33.0167
1529 47.3321 31.1241
1530 47.1126 31.4528
1531 48.2942 30.6213
1532 48.3552 30.5708
1533 46.6177 31.8834
1534 47.6 31.0493
1535 45.2761 32.5005
1536 47.284 30.8215
1537 47.0971 31.1319
1538 48.2612 30.4268
1539 48.32 30.3827
1540 46.5387 31.525
1541 47.567 30.7787
1542 44.8469 32.0259
1543 46.7566 30.8089
1544 46.6805 30.9779
1545 47.9649 30.3694
1546 48.0241 30.3356
1547 45.9491 31.2926
1548 47.1537 30.7075
1549 44.0937 31.862
1550 45.9114 30.7073
1551 45.7645 30.869
1552 46.8573 30.2941
1553 46.9112 30.2621
1554 45.1361 31.1733
1555 46.1957 30.6128
1556 43.4892 31.9466
1557 44.8852 30.5551
1558 44.7993 30.81
1559 45.6855 30.2215
1560 45.7277 30.1848
1561 44.4495 31.1323
1562 45.1374 30.5166
1563 43.2163 31.5617
1564 44.6913 30.1837
1565 44.5683 30.4963
1566 45.4486 30.0184
1567 45.4922 29.984
1568 44.2974 30.7787
1569 44.9173 30.2214
1570 43.5833 30.534
1571 44.8275 29.5482
1572 44.7127 29.8454
1573 45.4359 29.6316
1574 45.4724 29.6094
1575 44.8248 29.8555
1576 45.0042 29.6677
1577 40.2797 61.0413
1578 44.2063 44.7934
1579 43.9589 47.8855
1580 46.4412 41.217
1581 46.5598 40.7926
1582 43.1615 50.5286
1583 44.9083 44.4905
1584 39.9693 48.1986
1585 44.2317 39.4263
1586 43.8782 40.73
1587 46.4247 36.4924
1588 46.5508 36.2515
1589 43.0428 42.3178
1590 44.8869 38.8026
1591 41.4942 42.0308
1592 44.831 36.837
1593 44.6419 37.305
1594 46.7882 34.2668
1595 46.8897 34.1144
1596 43.9865 38.3728
1597 45.4542 36.0855
1598 42.6242 39.5778
1599 45.1586 35.5212
1600 45.1652 35.7725
1601 47.0571 33.2005
1602 47.1391 33.0778
1603 44.6209 36.6915
1604 45.821 34.7905
1605 42.5961 38.6143
1606 45.1502 34.8805
1607 45.1634 35.1007
1608 47.0813 32.714
1609 47.1641 32.6006
1610 44.5507 35.9742
1611 45.8259 34.1939
1612 42.4684 37.7626
1613 45.0597 34.3126
1614 45.0707 34.5273
1615 47.0126 32.3416
1616 47.0965 32.2372
1617 44.3846 35.3421
1618 45.7423 33.6923
1619 42.1951 36.9346
1620 44.8806 33.7642
1621 44.8778 33.9765
1622 46.8653 31.9941
1623 46.9518 31.8987
1624 44.0605 34.7289
1625 45.5701 33.2131
1626 41.6875 36.1221
1627 43.3074 33.2093
1628 43.4852 33.4281
1629 44.9967 31.6483
1630 45.0547 31.5614
1631 43.4064 34.116
1632 43.9491 32.7329
1633 41.8309 35.2169
1634 44.4662 32.409
1635 44.5418 32.7227
1636 46.6287 31.1859
1637 46.7162 31.1054
1638 43.8577 33.3754
1639 45.2414 32.079
1640 41.7255 34.1613
1641 44.3346 31.7773
1642 44.4396 32.061
1643 46.5583 30.7865
1644 46.6459 30.7187
1645 43.6357 32.6548
1646 45.14 31.519
1647 41.176 33.6618
1648 43.6965 32.4412
1649 43.7525 32.2503
1650 45.7202 31.0122
1651 45.8033 30.9667
1652 42.9887 32.655
1653 44.4175 31.8861
1654 40.7302 34.1469
1655 43.2592 32.1531
1656 43.2886 32.2358
1657 45.2162 30.9006
1658 45.2987 30.839
1659 42.4929 32.7489
1660 43.9488 31.7426
1661 40.2721 33.7119
1662 42.3877 31.4189
1663 42.4628 31.7196
1664 44.1632 30.5423
1665 44.2339 30.478
1666 41.9587 32.2308
1667 43.0281 31.2055
1668 40.2582 32.4028
1669 42.3303 30.3097
1670 42.3871 30.7342
1671 44.0233 29.9206
1672 44.0919 29.8667
1673 42.0573 31.0822
1674 42.9364 30.3035
1675 41.2134 30.5403
1676 42.5831 29.0504
1677 42.7824 29.4829
1678 44.1459 29.131
1679 44.1965 29.0968
1680 43.2466 29.625
1681 43.1873 29.21
1682 31.8588 63.8708
1683 36.5904 52.1681
1684 37.3264 52.539
1685 42.119 44.5024
1686 42.2953 44.1369
1687 36.1395 54.7458
1688 38.7374 49.6146
1689 35.3672 50.9875
1690 36.6616 48.6955
1691 38.3934 46.4247
1692 42.3705 40.7686
1693 42.4681 40.6214
1694 37.841 47.2379
1695 39.1744 45.2472
1696 37.9205 46.2931
1697 37.4591 46.5986
1698 39.6051 43.7078
1699 43.001 38.899
1700 43.0553 38.8156
1701 39.3346 44.1565
1702 40.0398 43.0407
1703 37.9872 44.8988
1704 37.5372 44.4965
1705 39.6972 42.0913
1706 43.1258 37.6032
1707 43.181 37.5126
1708 39.3735 42.6699
1709 40.1384 41.3668
1710 37.9548 43.4969
1711 37.495 43.2277
1712 39.6655 40.9676
1713 43.1053 36.831
1714 43.1604 36.7494
1715 39.306 41.4957
1716 40.107 40.3149
1717 37.8044 42.1528
1718 37.3819 41.8931
1719 39.5552 39.8364
1720 43.0275 36.0611
1721 43.0839 35.9864
1722 39.1272 40.3268
1723 40.007 39.2386
1724 37.5197 40.8663
1725 37.1983 40.5613
1726 39.361 38.7262
1727 42.8897 35.3034
1728 42.9491 35.2343
1729 38.8018 39.1832
1730 39.8361 38.174
1731 37.1254 39.5157
1732 36.1038 39.1775
1733 38.2069 37.5705
1734 41.1125 34.5204
1735 41.1474 34.4576
1736 38.3533 37.97
1737 38.486 37.0686
1738 37.1839 37.8262
1739 36.655 36.7278
1740 38.7886 35.7496
1741 42.1128 33.2307
1742 42.1646 33.1638
1743 38.5215 36.2385
1744 39.2027 35.2137
1745 36.8788 36.432
1746 36.444 35.2353
1747 38.5639 34.5183
1748 41.934 32.3814
1749 41.9884 32.3197
1750 38.1663 35.1097
1751 38.9987 34.0244
1752 36.5694 37.01
1753 36.1337 39.2223
1754 38.2341 36.7784
1755 41.5697 34.1626
1756 41.6234 34.1552
1757 37.8111 36.793
1758 38.6638 36.7186
1759 36.2561 37.0382
1760 35.8724 37.2774
1761 37.9402 35.7704
1762 41.2574 33.3229
1763 41.3118 33.282
1764 37.4669 36.0091
1765 38.3748 35.4433
1766 36.0376 35.5416
1767 35.3815 34.4218
1768 37.3936 33.8072
1769 40.4117 31.906
1770 40.4554 31.85
1771 37.2258 34.122
1772 37.7435 33.3597
1773 36.4006 32.8011
1774 35.4686 31.1833
1775 37.5157 31.2463
1776 40.3901 30.1556
1777 40.4261 30.1054
1778 37.6942 31.5083
1779 37.8035 30.845
1780 37.8215 29.7448
1781 34.9253 28.144
1782 37.656 28.678
1783 40.2639 28.4206
1784 40.2586 28.3862
1785 39.4737 28.8009
1786 37.6133 28.4027
1787 27.2258 63.1482
1788 33.0524 54.1522
1789 32.2896 56.4895
1790 31.8818 56.096
1791 24.8431 65.0336
1792 33.1173 52.8755
1793 31.1701 55.904
1794 33.9171 52.159
1795 34.1212 51.8645
1796 31.5407 55.5349
1797 32.8029 53.548
1798 25.2007 63.7183
1799 33.2721 51.2393
1800 31.3664 54.4226
1801 34.0352 50.7091
1802 34.2341 50.4093
1803 31.9773 53.8521
1804 32.9575 52.0237
1805 25.2331 59.2877
1806 33.2636 49.0477
1807 31.3839 51.7105
1808 34.0678 48.7514
1809 34.2662 48.507
1810 32.0113 50.944
1811 32.9712 49.7551
1812 25.1814 57.0525
1813 33.1416 47.2681
1814 31.2911 49.7997
1815 33.9737 46.9501
1816 34.1708 46.7161
1817 31.9393 49.1828
1818 32.8679 47.928
1819 25.0742 54.5076
1820 32.9393 45.483
1821 31.1165 47.8427
1822 33.7768 45.2576
1823 33.9717 45.0426
1824 31.7985 47.2946
1825 32.6758 46.1228
1826 24.9313 51.939
1827 32.7281 43.6065
1828 30.9078 45.8256
1829 33.5215 43.5091
1830 33.7143 43.3119
1831 31.6193 45.3689
1832 32.4501 44.248
1833 24.4258 49.301
1834 32.453 41.5853
1835 30.6053 43.6718
1836 33.3422 41.5816
1837 33.5416 41.4001
1838 30.9942 43.3546
1839 32.2 42.2191
1840 24.5978 43.5647
1841 32.3383 39.5091
1842 30.5392 40.597
1843 33.1482 39.483
1844 33.3398 39.3873
1845 31.197 39.9339
1846 32.0724 39.8311
1847 24.4494 40.1484
1848 32.1278 39.0516
1849 30.3466 39.2132
1850 32.9406 38.6809
1851 33.1309 38.6507
1852 31.0071 38.1451
1853 31.8684 38.9718
1854 24.2606 51.9417
1855 31.9246 40.8555
1856 30.1357 43.5379
1857 32.7058 39.9853
1858 32.8953 39.7142
1859 30.773 44.0065
1860 31.6519 41.3692
1861 24.1312 46.419
1862 31.8703 38.3878
1863 30.0278 40.704
1864 32.5602 38.78
1865 32.7504 38.5957
1866 30.6247 40.6947
1867 31.5495 39.2292
1868 23.9819 39.7111
1869 32.0132 34.4559
1870 30.0873 36.2265
1871 32.6913 35.4116
1872 32.8883 35.2992
1873 30.4589 36.1963
1874 31.6629 35.3272
1875 24.0155 32.9929
1876 31.8213 30.113
1877 30.1582 31.3586
1878 33.0526 31.3917
1879 33.2508 31.339
1880 30.4351 31.4298
1881 31.7434 30.9369
1882 22.1239 27.5597
1883 24.2145 24.5749
1884 26.4825 26.3353
1885 31.9843 27.1873
1886 32.1249 27.1478
1887 27.0879 26.7595
1888 27.6073 26.0193
