1 60 34.3872
2 100 100
3 40.1747 49.8498
4 71.5385 61.9922
5 74.8521 61.9965
6 85.7143 10.5401
7 78.5714 16.7326
8 78.5714 14.8877
9 85.7143 10.5401
10 30.7881 41.5026
11 34.7162 32.278
12 85.7143 10.5401
13 85.7143 10.5401
14 28.8856 39.6119
15 28.8744 39.5513
16 100 100
17 100 100
18 22.4891 63.2128
19 20.524 53.1827
20 85.7143 10.5401
21 29.3462 42.098
22 19.4323 49.6684
23 24.1209 74.0796
24 61.5976 61.9795
25 22.3626 60.2592
26 79.9408 63.3684
27 28.3648 45.1794
28 28.8407 39.3694
29 62.426 52.4227
30 33.6978 42.849
31 28.7171 38.7024
32 28.5392 40.5347
